param-n abstract-regression-quadratic-real abstract-regression-quadratic-sys abstract-regression-quadratic-user build-I-regression-linear-real build-I-regression-linear-sys build-I-regression-linear-user build-admit-cast-regression-linear-real build-admit-cast-regression-linear-sys build-admit-cast-regression-linear-user build-admit-regression-linear-real build-admit-regression-linear-sys build-admit-regression-linear-user build-eval-thunk-regression-linear-real build-eval-thunk-regression-linear-sys build-eval-thunk-regression-linear-user build-pf-cast-regression-linear-real build-pf-cast-regression-linear-sys build-pf-cast-regression-linear-user build-thunk-regression-linear-real build-thunk-regression-linear-sys build-thunk-regression-linear-user check-I-regression-linear-real check-I-regression-linear-sys check-I-regression-linear-user check-admit-cast-regression-quadratic-real check-admit-cast-regression-quadratic-sys check-admit-cast-regression-quadratic-user check-admit-regression-quadratic-real check-admit-regression-quadratic-sys check-admit-regression-quadratic-user check-pf-cast-regression-quadratic-real check-pf-cast-regression-quadratic-sys check-pf-cast-regression-quadratic-user close-abstract-regression-quadratic-real close-abstract-regression-quadratic-sys close-abstract-regression-quadratic-user eval-thunk-regression-linear-real eval-thunk-regression-linear-sys eval-thunk-regression-linear-user fast-rewrite-regression-quadratic-real fast-rewrite-regression-quadratic-sys fast-rewrite-regression-quadratic-user refine-regression-quadratic-regression-linear-real refine-regression-quadratic-regression-linear-sys refine-regression-quadratic-regression-linear-user type-I-regression-linear-real type-I-regression-linear-sys type-I-regression-linear-user type-admit-cast-regression-quadratic-real type-admit-cast-regression-quadratic-sys type-admit-cast-regression-quadratic-user type-admit-regression-quadratic-real type-admit-regression-quadratic-sys type-admit-regression-quadratic-user type-pf-cast-regression-quadratic-real type-pf-cast-regression-quadratic-sys type-pf-cast-regression-quadratic-user
1 0.002 0.002 0. 0. 0. 0. 0. 0. 0. 0. 0. 0. 0. 0. 0. 0. 0. 0. 0. 0. 0. 0. 0. 0. 0. 0. 0. 0. 0. 0. 0. 0. 0. 0. 0. 0. 0. 0. 0. 0.002 0.002 0. 0. 0. 0. 0. 0. 0. 0. 0. 0. 0. 0. 0. 0. 0. 0.
2 0.002 0.002 0. 0. 0. 0. 0. 0. 0. 0. 0. 0. 0. 0. 0. 0. 0. 0. 0. 0. 0. 0. 0. 0. 0. 0. 0. 0. 0. 0. 0. 0. 0. 0. 0. 0. 0. 0. 0. 0.002 0.002 0. 0. 0. 0. 0. 0. 0. 0. 0. 0. 0. 0. 0. 0. 0. 0.
3 0.003 0.001 0.001 0. 0. 0. 0. 0. 0. 0. 0. 0. 0. 0. 0. 0. 0. 0. 0. 0. 0. 0. 0. 0. 0. 0. 0. 0. 0. 0. 0. 0. 0. 0. 0. 0. 0. 0. 0. 0.002 0.001 0.001 0. 0. 0. 0. 0. 0. 0. 0. 0. 0. 0. 0. 0. 0. 0.
4 0.004 0. 0.003 0. 0. 0. 0. 0. 0. 0. 0. 0. 0.001 0. 0. 0. 0. 0. 0.001 0. 0. 0. 0. 0. 0. 0. 0. 0. 0. 0. 0. 0. 0. 0.001 0. 0.001 0. 0. 0. 0.003 0. 0.002 0. 0. 0. 0. 0. 0. 0. 0. 0. 0. 0. 0. 0. 0. 0.
5 0.004 0.002 0.001 0. 0. 0. 0. 0. 0. 0. 0. 0. 0.001 0. 0.001 0. 0. 0. 0.001 0. 0.001 0. 0. 0. 0. 0. 0. 0. 0. 0. 0. 0. 0. 0. 0. 0. 0. 0. 0. 0.004 0.002 0.001 0. 0. 0. 0. 0. 0. 0. 0. 0. 0. 0. 0. 0. 0. 0.
6 0.07 0.008 0.061 0. 0. 0. 0. 0. 0. 0. 0. 0. 0. 0. 0. 0. 0. 0. 0. 0. 0. 0. 0. 0. 0. 0. 0. 0. 0. 0. 0.065 0.007 0.057 0. 0. 0. 0. 0. 0. 0.068 0.007 0.061 0. 0. 0. 0. 0. 0. 0. 0. 0. 0. 0. 0. 0. 0. 0.
7 0.003 0. 0.003 0. 0. 0. 0. 0. 0. 0. 0. 0. 0. 0. 0. 0. 0. 0. 0. 0. 0. 0. 0. 0. 0. 0. 0. 0. 0. 0. 0. 0. 0. 0. 0. 0. 0. 0. 0. 0.003 0. 0.002 0. 0. 0. 0. 0. 0. 0. 0. 0. 0. 0. 0. 0. 0. 0.
8 0.005 0. 0.005 0. 0. 0. 0. 0. 0. 0. 0. 0. 0.001 0. 0.001 0. 0. 0. 0.001 0. 0.001 0. 0. 0. 0. 0. 0. 0. 0. 0. 0. 0. 0. 0. 0. 0. 0. 0. 0. 0.004 0. 0.004 0. 0. 0. 0. 0. 0. 0. 0. 0. 0. 0. 0. 0. 0. 0.
9 0.004 0. 0.004 0. 0. 0. 0. 0. 0. 0. 0. 0. 0.001 0. 0.001 0. 0. 0. 0. 0. 0. 0. 0. 0. 0. 0. 0. 0. 0. 0. 0. 0. 0. 0. 0. 0. 0. 0. 0. 0.003 0. 0.003 0. 0. 0. 0. 0. 0. 0. 0. 0. 0. 0. 0. 0. 0. 0.
10 0.004 0. 0.004 0. 0. 0. 0. 0. 0. 0. 0. 0. 0.001 0. 0.001 0. 0. 0. 0.001 0. 0.001 0. 0. 0. 0. 0. 0. 0. 0. 0. 0. 0. 0. 0. 0. 0. 0. 0. 0. 0.004 0. 0.004 0. 0. 0. 0. 0. 0. 0. 0. 0. 0. 0. 0. 0. 0. 0.
11 0.005 0. 0.005 0. 0. 0. 0. 0. 0. 0. 0. 0. 0.001 0. 0.001 0. 0. 0. 0.001 0. 0.001 0. 0. 0. 0. 0. 0. 0. 0. 0. 0. 0. 0. 0. 0. 0. 0. 0. 0. 0.004 0. 0.004 0. 0. 0. 0. 0. 0. 0. 0. 0. 0. 0. 0. 0. 0. 0.
12 0.005 0. 0.005 0. 0. 0. 0. 0. 0. 0. 0. 0. 0.001 0. 0.001 0. 0. 0. 0.001 0. 0.001 0. 0. 0. 0. 0. 0. 0. 0. 0. 0. 0. 0. 0. 0. 0. 0. 0. 0. 0.004 0. 0.004 0. 0. 0. 0. 0. 0. 0. 0. 0. 0. 0. 0. 0. 0. 0.
13 0.005 0. 0.005 0. 0. 0. 0. 0. 0. 0. 0. 0. 0.001 0. 0.001 0. 0. 0. 0.001 0. 0.001 0. 0. 0. 0. 0. 0. 0. 0. 0. 0. 0. 0. 0. 0. 0. 0. 0. 0. 0.004 0. 0.004 0. 0. 0. 0. 0. 0. 0. 0. 0. 0. 0. 0. 0. 0. 0.
14 0.006 0. 0.006 0. 0. 0. 0. 0. 0. 0. 0. 0. 0.001 0. 0.001 0. 0. 0. 0.001 0. 0.001 0. 0. 0. 0. 0. 0. 0. 0. 0. 0. 0. 0. 0. 0. 0. 0. 0. 0. 0.005 0. 0.005 0. 0. 0. 0. 0. 0. 0. 0. 0. 0. 0. 0. 0. 0. 0.
15 0.009 0. 0.009 0. 0. 0. 0. 0. 0. 0. 0. 0. 0.002 0. 0.002 0. 0. 0. 0.001 0. 0.001 0. 0. 0. 0. 0. 0. 0. 0. 0. 0. 0. 0. 0. 0. 0. 0. 0. 0. 0.007 0. 0.007 0. 0. 0. 0. 0. 0. 0. 0. 0. 0. 0. 0. 0. 0. 0.
16 0.009 0. 0.009 0. 0. 0. 0. 0. 0. 0. 0. 0. 0.001 0. 0.001 0. 0. 0. 0.001 0. 0.001 0. 0. 0. 0. 0. 0. 0. 0. 0. 0. 0. 0. 0.001 0. 0.001 0. 0. 0. 0.008 0. 0.008 0. 0. 0. 0. 0. 0. 0. 0. 0. 0. 0. 0. 0.002 0. 0.002
17 0.007 0. 0.007 0. 0. 0. 0. 0. 0. 0. 0. 0. 0.001 0. 0.001 0. 0. 0. 0.001 0. 0.001 0. 0. 0. 0. 0. 0. 0. 0. 0. 0. 0. 0. 0.001 0. 0.001 0. 0. 0. 0.006 0. 0.006 0. 0. 0. 0. 0. 0. 0. 0. 0. 0. 0. 0. 0. 0. 0.
18 0.008 0. 0.008 0. 0. 0. 0. 0. 0. 0. 0. 0. 0.001 0. 0.001 0. 0. 0. 0.001 0. 0.001 0. 0. 0. 0. 0. 0. 0. 0. 0. 0. 0. 0. 0.001 0. 0.001 0. 0. 0. 0.007 0. 0.007 0. 0. 0. 0. 0. 0. 0. 0. 0. 0. 0. 0. 0. 0. 0.
19 0.008 0. 0.008 0. 0. 0. 0. 0. 0. 0. 0. 0. 0.002 0. 0.002 0. 0. 0. 0.001 0. 0.001 0. 0. 0. 0. 0. 0. 0. 0. 0. 0. 0. 0. 0.001 0. 0.001 0. 0. 0. 0.007 0. 0.007 0. 0. 0. 0. 0. 0. 0. 0. 0. 0. 0. 0. 0. 0. 0.
20 0.009 0. 0.009 0. 0. 0. 0. 0. 0. 0. 0. 0. 0.002 0. 0.002 0. 0. 0. 0.002 0. 0.002 0. 0. 0. 0. 0. 0. 0. 0. 0. 0. 0. 0. 0.001 0. 0.001 0. 0. 0. 0.007 0. 0.007 0. 0. 0. 0. 0. 0. 0. 0. 0. 0. 0. 0. 0. 0. 0.
21 0.009 0. 0.009 0. 0. 0. 0. 0. 0. 0. 0. 0. 0.002 0. 0.002 0. 0. 0. 0.002 0. 0.002 0. 0. 0. 0. 0. 0. 0. 0. 0. 0. 0. 0. 0.001 0. 0.001 0. 0. 0. 0.008 0. 0.008 0. 0. 0. 0. 0. 0. 0. 0. 0. 0. 0. 0. 0. 0. 0.
22 0.01 0. 0.01 0. 0. 0. 0. 0. 0. 0. 0. 0. 0.002 0. 0.002 0. 0. 0. 0.002 0. 0.002 0. 0. 0. 0. 0. 0. 0. 0. 0. 0. 0. 0. 0.001 0. 0.001 0. 0. 0. 0.008 0. 0.008 0. 0. 0. 0. 0. 0. 0. 0. 0. 0. 0. 0. 0. 0. 0.
23 0.013 0. 0.013 0. 0. 0. 0. 0. 0. 0. 0. 0. 0.005 0. 0.005 0. 0. 0. 0.005 0. 0.005 0. 0. 0. 0. 0. 0. 0. 0. 0. 0. 0. 0. 0.001 0. 0.001 0. 0. 0. 0.011 0. 0.011 0. 0. 0. 0. 0. 0. 0. 0. 0. 0. 0. 0. 0. 0. 0.
24 0.01 0. 0.01 0. 0. 0. 0. 0. 0. 0. 0. 0. 0.002 0. 0.002 0. 0. 0. 0.002 0. 0.002 0. 0. 0. 0. 0. 0. 0. 0. 0. 0. 0. 0. 0.001 0. 0.001 0. 0. 0. 0.009 0. 0.009 0. 0. 0. 0. 0. 0. 0. 0. 0. 0. 0. 0. 0. 0. 0.
25 0.011 0. 0.011 0. 0. 0. 0. 0. 0. 0. 0. 0. 0.002 0. 0.002 0. 0. 0. 0.002 0. 0.002 0. 0. 0. 0. 0. 0. 0. 0. 0. 0. 0. 0. 0.001 0. 0.001 0. 0. 0. 0.009 0. 0.009 0. 0. 0. 0. 0. 0. 0. 0. 0. 0. 0. 0. 0. 0. 0.
26 0.012 0. 0.012 0. 0. 0. 0. 0. 0. 0. 0. 0. 0.002 0. 0.002 0. 0. 0. 0.002 0. 0.002 0. 0. 0. 0. 0. 0. 0. 0. 0. 0. 0. 0. 0.002 0. 0.002 0. 0. 0. 0.009 0. 0.009 0. 0. 0. 0. 0. 0. 0. 0. 0. 0. 0. 0. 0. 0. 0.
27 0.011 0. 0.011 0. 0. 0. 0. 0. 0. 0. 0. 0. 0.002 0. 0.002 0. 0. 0. 0.002 0. 0.002 0. 0. 0. 0. 0. 0. 0. 0. 0. 0. 0. 0. 0.001 0. 0.001 0. 0. 0. 0.009 0. 0.009 0. 0. 0. 0. 0. 0. 0. 0. 0. 0. 0. 0. 0. 0. 0.
28 0.013 0. 0.013 0. 0. 0. 0. 0. 0. 0. 0. 0. 0.002 0. 0.002 0. 0. 0. 0.002 0. 0.002 0. 0. 0. 0. 0. 0. 0. 0. 0. 0. 0. 0. 0.001 0. 0.001 0. 0. 0. 0.01 0. 0.01 0. 0. 0. 0. 0. 0. 0. 0. 0. 0. 0. 0. 0. 0. 0.
29 0.012 0. 0.012 0. 0. 0. 0. 0. 0. 0. 0. 0. 0.003 0. 0.003 0. 0. 0. 0.003 0. 0.003 0. 0. 0. 0. 0. 0. 0. 0. 0. 0. 0. 0. 0.001 0. 0.001 0. 0. 0. 0.01 0. 0.01 0. 0. 0. 0. 0. 0. 0. 0. 0. 0. 0. 0. 0. 0. 0.
30 0.013 0. 0.013 0. 0. 0. 0. 0. 0. 0. 0. 0. 0.003 0. 0.003 0. 0. 0. 0.003 0. 0.003 0. 0. 0. 0. 0. 0. 0. 0. 0. 0. 0. 0. 0.001 0. 0.001 0. 0. 0. 0.011 0. 0.011 0. 0. 0. 0. 0. 0. 0. 0. 0. 0. 0. 0. 0. 0. 0.
31 0.014 0. 0.014 0. 0. 0. 0. 0. 0. 0. 0. 0. 0.003 0. 0.003 0. 0. 0. 0.003 0. 0.003 0. 0. 0. 0. 0. 0. 0.001 0. 0.001 0. 0. 0. 0.001 0. 0.001 0. 0. 0. 0.012 0. 0.012 0. 0. 0. 0. 0. 0. 0. 0. 0. 0. 0. 0. 0. 0. 0.
32 0.016 0. 0.016 0. 0. 0. 0. 0. 0. 0. 0. 0. 0.006 0. 0.006 0. 0. 0. 0.006 0. 0.006 0. 0. 0. 0. 0. 0. 0. 0. 0. 0. 0. 0. 0.001 0. 0.001 0. 0. 0. 0.014 0. 0.014 0. 0. 0. 0. 0. 0. 0. 0. 0. 0. 0. 0. 0. 0. 0.
33 0.014 0. 0.014 0. 0. 0. 0. 0. 0. 0. 0. 0. 0.003 0. 0.003 0. 0. 0. 0.003 0. 0.003 0. 0. 0. 0. 0. 0. 0. 0. 0. 0.001 0. 0.001 0.001 0. 0.001 0. 0. 0. 0.012 0. 0.012 0. 0. 0. 0. 0. 0. 0. 0. 0. 0. 0. 0. 0. 0. 0.
34 0.015 0. 0.015 0. 0. 0. 0. 0. 0. 0. 0. 0. 0.003 0. 0.003 0. 0. 0. 0.003 0. 0.003 0. 0. 0. 0. 0. 0. 0. 0. 0. 0.001 0. 0.001 0.002 0. 0.002 0. 0. 0. 0.012 0. 0.012 0. 0. 0. 0. 0. 0. 0. 0. 0. 0. 0. 0. 0. 0. 0.
35 0.015 0. 0.015 0. 0. 0. 0. 0. 0. 0. 0. 0. 0.003 0. 0.003 0. 0. 0. 0.003 0. 0.003 0. 0. 0. 0. 0. 0. 0. 0. 0. 0. 0. 0. 0.002 0. 0.002 0. 0. 0. 0.012 0. 0.012 0. 0. 0. 0. 0. 0. 0. 0. 0. 0. 0. 0. 0. 0. 0.
36 0.017 0. 0.017 0. 0. 0. 0. 0. 0. 0. 0. 0. 0.005 0. 0.005 0. 0. 0. 0.005 0. 0.005 0. 0. 0. 0.001 0. 0.001 0. 0. 0. 0. 0. 0. 0.002 0. 0.002 0. 0. 0. 0.015 0. 0.015 0. 0. 0. 0. 0. 0. 0.001 0. 0.001 0. 0. 0. 0. 0. 0.
37 0.016 0. 0.016 0. 0. 0. 0. 0. 0. 0. 0. 0. 0.004 0. 0.004 0. 0. 0. 0.004 0. 0.004 0. 0. 0. 0. 0. 0. 0. 0. 0. 0. 0. 0. 0.002 0. 0.002 0. 0. 0. 0.013 0. 0.013 0. 0. 0. 0. 0. 0. 0. 0. 0. 0. 0. 0. 0. 0. 0.
38 0.016 0. 0.016 0. 0. 0. 0. 0. 0. 0. 0. 0. 0.003 0. 0.003 0. 0. 0. 0.003 0. 0.003 0. 0. 0. 0.001 0. 0.001 0. 0. 0. 0. 0. 0. 0.002 0. 0.002 0. 0. 0. 0.014 0. 0.014 0.001 0. 0.001 0. 0. 0. 0. 0. 0. 0. 0. 0. 0. 0. 0.
39 0.019 0. 0.019 0. 0. 0. 0. 0. 0. 0. 0. 0. 0.004 0. 0.004 0. 0. 0. 0.003 0. 0.003 0. 0. 0. 0.001 0. 0.001 0.003 0. 0.003 0. 0. 0. 0.002 0. 0.002 0. 0. 0. 0.017 0. 0.017 0.001 0. 0.001 0. 0. 0. 0.001 0. 0.001 0. 0. 0. 0.001 0. 0.001
40 0.017 0. 0.017 0. 0. 0. 0. 0. 0. 0. 0. 0. 0.004 0. 0.004 0. 0. 0. 0.004 0. 0.004 0. 0. 0. 0.001 0. 0.001 0.001 0. 0.001 0.001 0. 0.001 0.002 0. 0.002 0. 0. 0. 0.014 0. 0.014 0.001 0. 0.001 0. 0. 0. 0.001 0. 0.001 0. 0. 0. 0.001 0. 0.001
41 0.017 0. 0.017 0. 0. 0. 0. 0. 0. 0. 0. 0. 0.004 0. 0.004 0. 0. 0. 0.004 0. 0.004 0. 0. 0. 0.001 0. 0.001 0. 0. 0. 0.001 0. 0.001 0.002 0. 0.002 0. 0. 0. 0.015 0. 0.015 0.001 0. 0.001 0. 0. 0. 0.001 0. 0.001 0. 0. 0. 0.001 0. 0.001
42 0.02 0. 0.02 0. 0. 0. 0. 0. 0. 0. 0. 0. 0.004 0. 0.004 0. 0. 0. 0.004 0. 0.004 0. 0. 0. 0.003 0. 0.003 0. 0. 0. 0.001 0. 0.001 0.002 0. 0.002 0. 0. 0. 0.018 0. 0.018 0.001 0. 0.001 0. 0. 0. 0.001 0. 0.001 0. 0. 0. 0.001 0. 0.001
43 0.018 0. 0.018 0. 0. 0. 0. 0. 0. 0. 0. 0. 0.004 0. 0.004 0. 0. 0. 0.004 0. 0.004 0. 0. 0. 0.001 0. 0.001 0.001 0. 0.001 0.001 0. 0.001 0.002 0. 0.002 0. 0. 0. 0.015 0. 0.015 0.001 0. 0.001 0. 0. 0. 0.001 0. 0.001 0.001 0. 0.001 0.001 0. 0.001
44 0.019 0. 0.019 0. 0. 0. 0. 0. 0. 0. 0. 0. 0.004 0. 0.004 0. 0. 0. 0.004 0. 0.004 0. 0. 0. 0.001 0. 0.001 0.001 0. 0.001 0.001 0. 0.001 0.002 0. 0.002 0. 0. 0. 0.016 0. 0.016 0.001 0. 0.001 0. 0. 0. 0.001 0. 0.001 0.001 0. 0.001 0.001 0. 0.001
45 0.023 0. 0.023 0. 0. 0. 0. 0. 0. 0. 0. 0. 0.004 0. 0.004 0. 0. 0. 0.004 0. 0.004 0. 0. 0. 0.004 0. 0.004 0.001 0. 0.001 0.001 0. 0.001 0.002 0. 0.002 0. 0. 0. 0.02 0. 0.02 0.001 0. 0.001 0. 0. 0. 0.001 0. 0.001 0.001 0. 0.001 0.001 0. 0.001
46 0.02 0. 0.02 0. 0. 0. 0. 0. 0. 0. 0. 0. 0.004 0. 0.004 0. 0. 0. 0.004 0. 0.004 0. 0. 0. 0.001 0. 0.001 0.001 0. 0.001 0.001 0. 0.001 0.002 0. 0.002 0. 0. 0. 0.017 0. 0.017 0.001 0. 0.001 0. 0. 0. 0.001 0. 0.001 0.001 0. 0.001 0.001 0. 0.001
47 0.021 0. 0.021 0. 0. 0. 0. 0. 0. 0. 0. 0. 0.005 0. 0.005 0. 0. 0. 0.005 0. 0.005 0. 0. 0. 0.001 0. 0.001 0.001 0. 0.001 0.001 0. 0.001 0.003 0. 0.003 0. 0. 0. 0.017 0. 0.017 0.001 0. 0.001 0. 0. 0. 0.001 0. 0.001 0.001 0. 0.001 0.001 0. 0.001
48 0.022 0. 0.022 0. 0. 0. 0. 0. 0. 0. 0. 0. 0.004 0. 0.004 0. 0. 0. 0.004 0. 0.004 0.002 0. 0.002 0.001 0. 0.001 0.001 0. 0.001 0.001 0. 0.001 0.002 0. 0.002 0. 0. 0. 0.019 0. 0.019 0.001 0. 0.001 0. 0. 0. 0.001 0. 0.001 0.001 0. 0.001 0.001 0. 0.001
49 0.023 0. 0.023 0. 0. 0. 0. 0. 0. 0. 0. 0. 0.005 0. 0.005 0. 0. 0. 0.004 0. 0.004 0. 0. 0. 0.001 0. 0.001 0.001 0. 0.001 0.001 0. 0.001 0.003 0. 0.005 0. 0. 0. 0.019 0. 0.017 0.001 0. 0. 0. 0. 0. 0.001 0. 0.001 0.001 0. 0.001 0.001 0. 0.001
50 0.033 0.008 0.024 0. 0. 0. 0. 0. 0. 0. 0. 0. 0.008 0. 0.008 0. 0. 0. 0.008 0. 0.008 0.001 0. 0.001 0.001 0. 0.001 0.002 0.002 0. 0.002 0. 0.002 0.003 0.003 0. 0. 0. 0. 0.028 0.004 0.024 0.001 0. 0.001 0.001 0. 0.001 0.002 0. 0.002 0.001 0.001 0. 0.001 0. 0.001
51 0.025 0. 0.025 0. 0. 0. 0. 0. 0. 0. 0. 0. 0.005 0. 0.005 0. 0. 0. 0.005 0. 0.005 0. 0. 0. 0.001 0. 0.001 0.001 0. 0.001 0.001 0. 0.001 0.005 0. 0.005 0. 0. 0. 0.018 0. 0.018 0.001 0. 0.001 0. 0. 0. 0.001 0. 0.001 0.001 0. 0.001 0.001 0. 0.001
52 0.023 0. 0.023 0. 0. 0. 0. 0. 0. 0. 0. 0. 0.005 0. 0.005 0. 0. 0. 0.005 0. 0.005 0. 0. 0. 0.001 0. 0.001 0.001 0. 0.001 0.001 0. 0.001 0.003 0. 0.003 0. 0. 0. 0.019 0. 0.019 0.001 0. 0.001 0. 0. 0. 0.001 0. 0.001 0.001 0. 0.001 0.001 0. 0.001
53 0.023 0. 0.023 0. 0. 0. 0. 0. 0. 0. 0. 0. 0.005 0. 0.005 0. 0. 0. 0.005 0. 0.005 0. 0. 0. 0.001 0. 0.001 0.001 0. 0.001 0.001 0. 0.001 0.003 0. 0.003 0. 0. 0. 0.019 0. 0.019 0.001 0. 0.001 0. 0. 0. 0.001 0. 0.001 0.001 0. 0.001 0.001 0. 0.001
54 0.026 0. 0.026 0. 0. 0. 0. 0. 0. 0. 0. 0. 0.005 0. 0.005 0. 0. 0. 0.005 0. 0.005 0. 0. 0. 0.001 0. 0.001 0.001 0. 0.001 0.001 0. 0.001 0.003 0. 0.003 0. 0. 0. 0.022 0. 0.022 0.001 0. 0.001 0.002 0. 0.002 0.001 0. 0.001 0.001 0. 0.001 0.001 0. 0.001
55 0.024 0. 0.024 0. 0. 0. 0. 0. 0. 0. 0. 0. 0.005 0. 0.005 0. 0. 0. 0.005 0. 0.005 0. 0. 0. 0.001 0. 0.001 0.001 0. 0.001 0.001 0. 0.001 0.003 0. 0.003 0. 0. 0. 0.02 0. 0.02 0.001 0. 0.001 0. 0. 0. 0.001 0. 0.001 0.001 0. 0.001 0.001 0. 0.001
56 0.027 0. 0.027 0. 0. 0. 0. 0. 0. 0. 0. 0. 0.006 0. 0.006 0. 0. 0. 0.005 0. 0.005 0.001 0. 0.001 0.001 0. 0.001 0.001 0. 0.001 0.002 0. 0.002 0.003 0. 0.003 0. 0. 0. 0.023 0. 0.023 0.001 0. 0.001 0. 0. 0. 0.001 0. 0.001 0.001 0. 0.001 0.001 0. 0.001
57 0.025 0. 0.025 0. 0. 0. 0. 0. 0. 0. 0. 0. 0.005 0. 0.005 0. 0. 0. 0.005 0. 0.005 0.001 0. 0.001 0.001 0. 0.001 0.001 0. 0.001 0.001 0. 0.001 0.003 0. 0.003 0. 0. 0. 0.021 0. 0.021 0.001 0. 0.001 0.001 0. 0.001 0.001 0. 0.001 0.001 0. 0.001 0.001 0. 0.001
58 0.026 0. 0.026 0. 0. 0. 0. 0. 0. 0. 0. 0. 0.005 0. 0.005 0. 0. 0. 0.005 0. 0.005 0.001 0. 0.001 0.001 0. 0.001 0.001 0. 0.001 0.001 0. 0.001 0.003 0. 0.003 0. 0. 0. 0.021 0. 0.021 0.001 0. 0.001 0.001 0. 0.001 0.001 0. 0.001 0.001 0. 0.001 0.001 0. 0.001
59 0.027 0. 0.027 0. 0. 0. 0. 0. 0. 0. 0. 0. 0.006 0. 0.006 0. 0. 0. 0.005 0. 0.005 0.001 0. 0.001 0.001 0. 0.001 0.001 0. 0.001 0.001 0. 0.001 0.003 0. 0.003 0. 0. 0. 0.022 0. 0.022 0.001 0. 0.001 0.001 0. 0.001 0.001 0. 0.001 0.001 0. 0.001 0.001 0. 0.001
60 0.027 0. 0.027 0. 0. 0. 0. 0. 0. 0. 0. 0. 0.006 0. 0.006 0. 0. 0. 0.006 0. 0.006 0.001 0. 0.001 0.001 0. 0.001 0.001 0. 0.001 0.001 0. 0.001 0.003 0. 0.003 0. 0. 0. 0.022 0. 0.022 0.001 0. 0.001 0.001 0. 0.001 0.001 0. 0.001 0.001 0. 0.001 0.001 0. 0.001
61 0.028 0. 0.028 0. 0. 0. 0. 0. 0. 0. 0. 0. 0.006 0. 0.006 0. 0. 0. 0.006 0. 0.006 0.001 0. 0.001 0.001 0. 0.001 0.001 0. 0.001 0.001 0. 0.001 0.003 0. 0.003 0. 0. 0. 0.024 0. 0.024 0.001 0. 0.001 0.001 0. 0.001 0.001 0. 0.001 0.001 0. 0.001 0.001 0. 0.001
62 0.029 0. 0.029 0. 0. 0. 0. 0. 0. 0. 0. 0. 0.006 0. 0.006 0. 0. 0. 0.006 0. 0.006 0.001 0. 0.001 0.001 0. 0.001 0.001 0. 0.001 0.001 0. 0.001 0.003 0. 0.003 0. 0. 0. 0.024 0. 0.024 0.001 0. 0.001 0.001 0. 0.001 0.001 0. 0.001 0.001 0. 0.001 0.001 0. 0.001
63 0.03 0. 0.03 0. 0. 0. 0. 0. 0. 0. 0. 0. 0.008 0. 0.008 0. 0. 0. 0.008 0. 0.008 0.001 0. 0.001 0.001 0. 0.001 0.001 0. 0.001 0.001 0. 0.001 0.004 0. 0.004 0. 0. 0. 0.025 0. 0.025 0.001 0. 0.001 0.001 0. 0.001 0.001 0. 0.001 0.001 0. 0.001 0.001 0. 0.001
64 0.029 0. 0.029 0. 0. 0. 0. 0. 0. 0. 0. 0. 0.006 0. 0.006 0. 0. 0. 0.006 0. 0.006 0.001 0. 0.001 0.001 0. 0.001 0.001 0. 0.001 0.001 0. 0.001 0.004 0. 0.004 0. 0. 0. 0.024 0. 0.024 0.001 0. 0.001 0.001 0. 0.001 0.002 0. 0.002 0.001 0. 0.001 0.001 0. 0.001
65 0.032 0. 0.031 0. 0. 0. 0. 0. 0. 0. 0. 0. 0.006 0. 0.006 0. 0. 0. 0.006 0. 0.006 0.003 0. 0.003 0.001 0. 0.001 0.001 0. 0.001 0.001 0. 0.001 0.004 0. 0.004 0. 0. 0. 0.027 0. 0.027 0.001 0. 0.001 0.001 0. 0.001 0.001 0. 0.001 0.001 0. 0.001 0.001 0. 0.001
66 0.03 0. 0.03 0. 0. 0. 0. 0. 0. 0. 0. 0. 0.006 0. 0.006 0. 0. 0. 0.006 0. 0.006 0.001 0. 0.001 0.002 0. 0.002 0.001 0. 0.001 0.001 0. 0.001 0.004 0. 0.004 0. 0. 0. 0.025 0. 0.025 0.001 0. 0.001 0.001 0. 0.001 0.001 0. 0.001 0.001 0. 0.001 0.001 0. 0.001
67 0.031 0. 0.031 0. 0. 0. 0. 0. 0. 0. 0. 0. 0.008 0. 0.008 0. 0. 0. 0.008 0. 0.008 0.001 0. 0.001 0.001 0. 0.001 0.001 0. 0.001 0.001 0. 0.001 0.004 0. 0.004 0. 0. 0. 0.026 0. 0.026 0.001 0. 0.001 0.001 0. 0.001 0.001 0. 0.001 0.001 0. 0.001 0.001 0. 0.001
68 0.031 0. 0.031 0. 0. 0. 0. 0. 0. 0. 0. 0. 0.006 0. 0.006 0. 0. 0. 0.006 0. 0.006 0.001 0. 0.001 0.001 0. 0.001 0.001 0. 0.001 0.001 0. 0.001 0.004 0. 0.004 0. 0. 0. 0.026 0. 0.026 0.001 0. 0.002 0.001 0. 0.001 0.001 0. 0.001 0.001 0. 0.001 0.001 0. 0.001
69 0.034 0. 0.034 0. 0. 0. 0. 0. 0. 0. 0. 0. 0.009 0. 0.009 0. 0. 0. 0.009 0. 0.009 0.001 0. 0.001 0.002 0. 0.002 0.002 0. 0.002 0.002 0. 0.002 0.004 0. 0.004 0. 0. 0. 0.029 0. 0.029 0.002 0. 0.002 0.001 0. 0.001 0.002 0. 0.002 0.001 0. 0.001 0.002 0. 0.002
70 0.033 0. 0.033 0. 0. 0. 0. 0. 0. 0. 0. 0. 0.007 0. 0.007 0. 0. 0. 0.006 0. 0.006 0.001 0. 0.001 0.002 0. 0.002 0.001 0. 0.001 0.002 0. 0.002 0.004 0. 0.004 0. 0. 0. 0.028 0. 0.028 0.002 0. 0.002 0.001 0. 0.001 0.002 0. 0.002 0.002 0. 0.002 0.002 0. 0.002
71 0.034 0. 0.034 0. 0. 0. 0. 0. 0. 0. 0. 0. 0.008 0. 0.008 0. 0. 0. 0.008 0. 0.008 0.001 0. 0.001 0.002 0. 0.002 0.001 0. 0.001 0.002 0. 0.002 0.004 0. 0.004 0. 0. 0. 0.029 0. 0.029 0.002 0. 0.002 0.001 0. 0.001 0.002 0. 0.002 0.001 0. 0.001 0.002 0. 0.002
72 0.035 0. 0.035 0. 0. 0. 0. 0. 0. 0. 0. 0. 0.007 0. 0.007 0. 0. 0. 0.007 0. 0.007 0.001 0. 0.001 0.002 0. 0.002 0.002 0. 0.002 0.002 0. 0.002 0.006 0. 0.006 0. 0. 0. 0.028 0. 0.028 0.002 0. 0.002 0.001 0. 0.001 0.002 0. 0.002 0.001 0. 0.001 0.002 0. 0.002
73 0.034 0. 0.034 0. 0. 0. 0. 0. 0. 0. 0. 0. 0.007 0. 0.007 0. 0. 0. 0.007 0. 0.007 0.001 0. 0.001 0.002 0. 0.002 0.002 0. 0.002 0.002 0. 0.002 0.004 0. 0.004 0. 0. 0. 0.028 0. 0.028 0.002 0. 0.002 0.001 0. 0.001 0.002 0. 0.002 0.002 0. 0.002 0.002 0. 0.002
74 0.037 0.003 0.033 0. 0. 0. 0. 0. 0. 0. 0. 0. 0.007 0. 0.007 0. 0. 0. 0.007 0. 0.007 0.001 0. 0.001 0.002 0. 0.002 0.002 0. 0.002 0.002 0. 0.002 0.004 0. 0.004 0. 0. 0. 0.031 0.003 0.028 0.002 0. 0.002 0.001 0. 0.001 0.004 0.003 0.001 0.002 0. 0.002 0.002 0. 0.002
75 0.036 0. 0.036 0. 0. 0. 0. 0. 0. 0. 0. 0. 0.008 0. 0.008 0. 0. 0. 0.008 0. 0.008 0.001 0. 0.001 0.002 0. 0.002 0.002 0. 0.002 0.002 0. 0.002 0.005 0. 0.005 0. 0. 0. 0.03 0. 0.03 0.002 0. 0.002 0.001 0. 0.001 0.002 0. 0.002 0.002 0. 0.002 0.002 0. 0.002
76 0.038 0.002 0.036 0. 0. 0. 0. 0. 0. 0. 0. 0. 0.007 0.001 0.006 0. 0. 0. 0.007 0.001 0.005 0.001 0. 0.001 0.002 0. 0.002 0.002 0. 0.002 0.002 0. 0.002 0.005 0. 0.005 0. 0. 0. 0.033 0.001 0.031 0.002 0. 0.002 0.004 0. 0.004 0.002 0. 0.002 0.002 0. 0.002 0.002 0. 0.002
77 0.036 0. 0.036 0. 0. 0. 0. 0. 0. 0. 0. 0. 0.007 0. 0.007 0. 0. 0. 0.007 0. 0.007 0.001 0. 0.001 0.002 0. 0.002 0.002 0. 0.002 0.002 0. 0.002 0.005 0. 0.005 0. 0. 0. 0.03 0. 0.03 0.002 0. 0.002 0.001 0. 0.001 0.002 0. 0.002 0.002 0. 0.002 0.002 0. 0.002
78 0.037 0. 0.037 0. 0. 0. 0. 0. 0. 0. 0. 0. 0.009 0. 0.009 0. 0. 0. 0.008 0. 0.009 0.001 0. 0.001 0.002 0. 0.002 0.002 0. 0.002 0.002 0. 0.002 0.005 0. 0.005 0. 0. 0. 0.031 0. 0.031 0.002 0. 0.002 0.001 0. 0.001 0.002 0. 0.002 0.002 0. 0.002 0.002 0. 0.002
79 0.039 0. 0.039 0. 0. 0. 0. 0. 0. 0. 0. 0. 0.008 0. 0.008 0. 0. 0. 0.007 0. 0.007 0.001 0. 0.001 0.002 0. 0.002 0.002 0. 0.002 0.004 0. 0.004 0.005 0. 0.005 0. 0. 0. 0.033 0. 0.033 0.002 0. 0.002 0.001 0. 0.001 0.002 0. 0.002 0.002 0. 0.002 0.002 0. 0.002
80 0.04 0. 0.039 0. 0. 0. 0. 0. 0. 0. 0. 0. 0.008 0. 0.008 0. 0. 0. 0.007 0. 0.007 0.001 0. 0.001 0.002 0. 0.002 0.002 0. 0.002 0.002 0. 0.002 0.005 0. 0.005 0. 0. 0. 0.033 0. 0.033 0.003 0. 0.003 0.001 0. 0.001 0.002 0. 0.002 0.002 0. 0.002 0.002 0. 0.002
81 0.04 0. 0.04 0. 0. 0. 0. 0. 0. 0. 0. 0. 0.009 0. 0.009 0. 0. 0. 0.009 0. 0.009 0.001 0. 0.001 0.002 0. 0.002 0.002 0. 0.002 0.002 0. 0.002 0.005 0. 0.005 0. 0. 0. 0.034 0. 0.034 0.002 0. 0.002 0.002 0. 0.002 0.002 0. 0.002 0.002 0. 0.002 0.002 0. 0.002
82 0.041 0. 0.041 0. 0. 0. 0. 0. 0. 0. 0. 0. 0.008 0. 0.008 0. 0. 0. 0.008 0. 0.008 0.001 0. 0.001 0.002 0. 0.002 0.002 0. 0.002 0.002 0. 0.002 0.008 0. 0.008 0. 0. 0. 0.032 0. 0.032 0.002 0. 0.002 0.001 0. 0.001 0.002 0. 0.002 0.002 0. 0.002 0.002 0. 0.002
83 0.04 0. 0.04 0. 0. 0. 0. 0. 0. 0. 0. 0. 0.008 0. 0.008 0. 0. 0. 0.008 0. 0.008 0.001 0. 0.001 0.002 0. 0.002 0.002 0. 0.002 0.003 0. 0.003 0.005 0. 0.005 0. 0. 0. 0.034 0. 0.034 0.002 0. 0.002 0.001 0. 0.001 0.002 0. 0.002 0.002 0. 0.002 0.002 0. 0.002
84 0.041 0. 0.041 0. 0. 0. 0. 0. 0. 0. 0. 0. 0.008 0. 0.008 0. 0. 0. 0.008 0. 0.008 0.001 0. 0.001 0.002 0. 0.002 0.002 0. 0.002 0.002 0. 0.002 0.005 0. 0.005 0. 0. 0. 0.034 0. 0.034 0.002 0. 0.002 0.001 0. 0.001 0.002 0. 0.002 0.003 0. 0.003 0.002 0. 0.002
85 0.041 0. 0.041 0. 0. 0. 0.001 0. 0.001 0. 0. 0. 0.008 0. 0.008 0. 0. 0. 0.008 0. 0.008 0.001 0. 0.001 0.002 0. 0.002 0.002 0. 0.002 0.002 0. 0.002 0.006 0. 0.006 0. 0. 0. 0.034 0. 0.034 0.002 0. 0.002 0.001 0. 0.001 0.002 0. 0.002 0.002 0. 0.002 0.002 0. 0.002
86 0.044 0. 0.044 0. 0. 0. 0. 0. 0. 0. 0. 0. 0.011 0. 0.011 0. 0. 0. 0.011 0. 0.011 0.001 0. 0.001 0.002 0. 0.002 0.002 0. 0.002 0.002 0. 0.002 0.006 0. 0.006 0. 0. 0. 0.037 0. 0.037 0.002 0. 0.002 0.001 0. 0.001 0.002 0. 0.002 0.002 0. 0.002 0.002 0. 0.002
87 0.045 0. 0.045 0.001 0. 0.001 0.002 0. 0.002 0. 0. 0. 0.008 0. 0.008 0. 0. 0. 0.008 0. 0.008 0.001 0. 0.001 0.002 0. 0.002 0.002 0. 0.002 0.002 0. 0.002 0.008 0. 0.008 0. 0. 0. 0.036 0. 0.036 0.002 0. 0.002 0.001 0. 0.001 0.002 0. 0.002 0.002 0. 0.002 0.002 0. 0.002
88 0.042 0. 0.042 0.001 0. 0.001 0. 0. 0. 0. 0. 0. 0.008 0. 0.008 0. 0. 0. 0.008 0. 0.008 0.001 0. 0.001 0.002 0. 0.002 0.002 0. 0.002 0.002 0. 0.002 0.006 0. 0.006 0. 0. 0. 0.035 0. 0.035 0.002 0. 0.002 0.001 0. 0.001 0.003 0. 0.003 0.002 0. 0.002 0.002 0. 0.002
89 0.044 0. 0.044 0. 0. 0. 0. 0. 0. 0. 0. 0. 0.011 0. 0.011 0. 0. 0. 0.011 0. 0.011 0.001 0. 0.001 0.002 0. 0.002 0.002 0. 0.002 0.002 0. 0.002 0.006 0. 0.006 0. 0. 0. 0.037 0. 0.037 0.002 0. 0.002 0.001 0. 0.001 0.002 0. 0.002 0.002 0. 0.002 0.002 0. 0.002
90 0.044 0. 0.044 0. 0. 0. 0. 0. 0. 0. 0. 0. 0.008 0. 0.008 0. 0. 0. 0.008 0. 0.008 0.001 0. 0.001 0.002 0. 0.002 0.002 0. 0.002 0.003 0. 0.003 0.006 0. 0.006 0. 0. 0. 0.037 0. 0.037 0.002 0. 0.002 0.001 0. 0.001 0.002 0. 0.002 0.003 0. 0.003 0.002 0. 0.002
91 0.046 0. 0.046 0. 0. 0. 0. 0. 0. 0. 0. 0. 0.009 0. 0.009 0. 0. 0. 0.009 0. 0.009 0.001 0. 0.001 0.002 0. 0.002 0.003 0. 0.003 0.003 0. 0.003 0.008 0. 0.008 0. 0. 0. 0.036 0. 0.036 0.002 0. 0.002 0.001 0. 0.001 0.002 0. 0.002 0.002 0. 0.002 0.003 0. 0.003
92 0.044 0. 0.044 0. 0. 0. 0. 0. 0. 0. 0. 0. 0.009 0. 0.009 0. 0. 0. 0.009 0. 0.009 0.001 0. 0.001 0.003 0. 0.003 0.002 0. 0.002 0.003 0. 0.003 0.006 0. 0.006 0. 0. 0. 0.036 0. 0.036 0.002 0. 0.002 0.001 0. 0.001 0.002 0. 0.002 0.002 0. 0.002 0.002 0. 0.002
93 0.045 0. 0.045 0. 0. 0. 0. 0. 0. 0. 0. 0. 0.009 0. 0.009 0. 0. 0. 0.009 0. 0.009 0.003 0. 0.003 0.002 0. 0.002 0.003 0. 0.003 0.002 0. 0.002 0.006 0. 0.006 0. 0. 0. 0.038 0. 0.038 0.002 0. 0.002 0.001 0. 0.001 0.002 0. 0.002 0.002 0. 0.002 0.003 0. 0.003
94 0.048 0. 0.048 0. 0. 0. 0. 0. 0. 0. 0. 0. 0.009 0. 0.009 0. 0. 0. 0.009 0. 0.009 0.001 0. 0.001 0.003 0. 0.003 0.003 0. 0.003 0.005 0. 0.005 0.006 0. 0.006 0. 0. 0. 0.041 0. 0.041 0.003 0. 0.003 0.001 0. 0.001 0.003 0. 0.003 0.002 0. 0.002 0.003 0. 0.003
95 0.047 0. 0.047 0. 0. 0. 0. 0. 0. 0. 0. 0. 0.009 0. 0.009 0.001 0. 0.001 0.009 0. 0.009 0.001 0. 0.001 0.003 0. 0.003 0.002 0. 0.002 0.003 0. 0.003 0.007 0. 0.007 0. 0. 0. 0.039 0. 0.039 0.003 0. 0.003 0.001 0. 0.001 0.003 0. 0.003 0.003 0. 0.003 0.003 0. 0.003
96 0.049 0.003 0.045 0. 0. 0. 0. 0. 0. 0. 0. 0. 0.012 0.003 0.008 0. 0. 0. 0.012 0.003 0.008 0.001 0. 0.001 0.003 0. 0.003 0.002 0. 0.002 0.003 0. 0.003 0.007 0. 0.007 0. 0. 0. 0.041 0.003 0.037 0.003 0. 0.003 0.001 0. 0.001 0.003 0. 0.003 0.002 0. 0.002 0.003 0. 0.003
97 0.051 0. 0.051 0. 0. 0. 0.001 0. 0.001 0. 0. 0. 0.01 0. 0.01 0.001 0. 0.001 0.01 0. 0.01 0.001 0. 0.001 0.003 0. 0.003 0.004 0. 0.004 0.003 0. 0.003 0.007 0. 0.007 0. 0. 0. 0.042 0. 0.042 0.003 0. 0.003 0.001 0. 0.001 0.003 0. 0.003 0.003 0. 0.003 0.003 0. 0.003
98 0.05 0. 0.05 0. 0. 0. 0. 0. 0. 0. 0. 0. 0.01 0. 0.01 0. 0. 0. 0.009 0. 0.009 0.001 0. 0.001 0.003 0. 0.003 0.003 0. 0.003 0.003 0. 0.003 0.007 0. 0.007 0. 0. 0. 0.042 0. 0.042 0.003 0. 0.003 0.001 0. 0.001 0.003 0. 0.003 0.003 0. 0.003 0.004 0. 0.004
99 0.049 0. 0.049 0. 0. 0. 0. 0. 0. 0. 0. 0. 0.009 0. 0.01 0. 0. 0. 0.009 0. 0.009 0.001 0. 0.001 0.003 0. 0.003 0.003 0. 0.003 0.003 0. 0.003 0.007 0. 0.007 0. 0. 0. 0.041 0. 0.041 0.003 0. 0.003 0.001 0. 0.001 0.003 0. 0.003 0.003 0. 0.003 0.003 0. 0.003
100 0.104 0.005 0.098 0. 0. 0. 0. 0. 0. 0. 0. 0. 0.066 0.004 0.061 0. 0. 0. 0.065 0.004 0.06 0.001 0. 0.001 0.003 0. 0.003 0.003 0. 0.003 0.003 0. 0.003 0.007 0. 0.007 0. 0. 0. 0.097 0.005 0.091 0.003 0. 0.003 0.001 0. 0.001 0.003 0. 0.003 0.003 0. 0.003 0.003 0. 0.003
110 0.059 0. 0.059 0.001 0. 0.001 0.001 0. 0.001 0.001 0. 0.001 0.013 0. 0.013 0.001 0. 0.001 0.013 0. 0.013 0.001 0. 0.001 0.003 0. 0.003 0.003 0. 0.003 0.004 0. 0.004 0.008 0. 0.008 0. 0. 0. 0.049 0. 0.049 0.003 0. 0.003 0.001 0. 0.001 0.003 0. 0.003 0.003 0. 0.003 0.003 0. 0.003
120 0.063 0. 0.063 0.001 0. 0.001 0.001 0. 0.001 0.001 0. 0.001 0.013 0. 0.013 0.001 0. 0.001 0.013 0. 0.013 0.002 0. 0.002 0.004 0. 0.004 0.003 0. 0.003 0.004 0. 0.004 0.01 0. 0.01 0. 0. 0. 0.052 0. 0.052 0.004 0. 0.004 0.002 0. 0.002 0.004 0. 0.004 0.004 0. 0.004 0.004 0. 0.004
130 0.071 0. 0.071 0.003 0. 0.003 0.001 0. 0.001 0.001 0. 0.001 0.013 0. 0.013 0.001 0. 0.001 0.013 0. 0.013 0.002 0. 0.002 0.004 0. 0.004 0.004 0. 0.004 0.004 0. 0.004 0.01 0. 0.01 0. 0. 0. 0.06 0. 0.06 0.005 0. 0.005 0.002 0. 0.002 0.005 0. 0.005 0.004 0. 0.004 0.004 0. 0.004
140 0.078 0. 0.078 0.001 0. 0.001 0.001 0. 0.001 0.001 0. 0.001 0.016 0. 0.016 0.001 0. 0.001 0.016 0. 0.016 0.002 0. 0.002 0.005 0. 0.005 0.005 0. 0.005 0.005 0. 0.005 0.011 0. 0.011 0. 0. 0. 0.066 0. 0.066 0.006 0. 0.006 0.002 0. 0.002 0.005 0. 0.005 0.005 0. 0.005 0.005 0. 0.005
150 0.082 0.003 0.078 0.001 0. 0. 0.001 0. 0.001 0.001 0. 0.001 0.017 0.003 0.014 0.001 0. 0.001 0.017 0.003 0.014 0.002 0. 0.002 0.006 0. 0.005 0.005 0. 0.005 0.005 0. 0.005 0.012 0. 0.012 0. 0. 0. 0.069 0.003 0.065 0.005 0. 0.005 0.002 0. 0.002 0.005 0. 0.005 0.005 0. 0.005 0.006 0. 0.006
160 0.095 0. 0.095 0.001 0. 0.001 0.001 0. 0.001 0.001 0. 0.001 0.019 0. 0.019 0.001 0. 0.001 0.018 0. 0.018 0.002 0. 0.002 0.006 0. 0.006 0.007 0. 0.007 0.006 0. 0.006 0.015 0. 0.015 0. 0. 0. 0.079 0. 0.079 0.007 0. 0.007 0.002 0. 0.002 0.006 0. 0.006 0.006 0. 0.006 0.006 0. 0.006
170 0.1 0. 0.1 0.001 0. 0.001 0.001 0. 0.001 0.001 0. 0.001 0.017 0. 0.017 0.001 0. 0.001 0.017 0. 0.017 0.003 0. 0.003 0.007 0. 0.007 0.006 0. 0.006 0.008 0. 0.008 0.015 0. 0.015 0. 0. 0. 0.084 0. 0.084 0.007 0. 0.007 0.003 0. 0.003 0.007 0. 0.007 0.007 0. 0.007 0.007 0. 0.007
180 0.104 0. 0.103 0.001 0. 0.001 0.001 0. 0.001 0.001 0. 0.001 0.018 0. 0.018 0.001 0. 0.001 0.017 0. 0.017 0.003 0. 0.003 0.007 0. 0.007 0.01 0. 0.01 0.007 0. 0.007 0.016 0. 0.016 0. 0. 0. 0.086 0. 0.086 0.007 0. 0.007 0.003 0. 0.003 0.007 0. 0.007 0.006 0. 0.006 0.007 0. 0.007
190 0.12 0. 0.116 0.001 0. 0.001 0.001 0. 0.001 0.001 0. 0.001 0.022 0. 0.022 0.001 0. 0.001 0.022 0. 0.021 0.003 0. 0.003 0.009 0. 0.009 0.008 0. 0.008 0.008 0. 0.008 0.02 0. 0.016 0. 0. 0. 0.098 0. 0.098 0.012 0. 0.012 0.003 0. 0.003 0.008 0. 0.008 0.008 0. 0.008 0.008 0. 0.008
200 0.125 0. 0.125 0.001 0. 0.001 0.002 0. 0.002 0.001 0. 0.001 0.023 0. 0.023 0.002 0. 0.002 0.023 0. 0.023 0.003 0. 0.003 0.009 0. 0.009 0.008 0. 0.008 0.009 0. 0.009 0.02 0. 0.02 0. 0. 0. 0.105 0. 0.105 0.009 0. 0.009 0.003 0. 0.003 0.009 0. 0.009 0.008 0. 0.008 0.012 0. 0.012
210 0.13 0. 0.135 0.001 0. 0.001 0.001 0. 0.001 0.001 0. 0.001 0.02 0. 0.027 0.002 0. 0.002 0.02 0. 0.026 0.003 0. 0.003 0.009 0. 0.009 0.013 0. 0.013 0.009 0. 0.009 0.02 0. 0.02 0. 0. 0. 0.108 0. 0.114 0.009 0. 0.009 0.003 0. 0.003 0.009 0. 0.009 0.009 0. 0.009 0.01 0. 0.01
220 0.139 0. 0.139 0.001 0. 0.001 0.002 0. 0.002 0.002 0. 0.002 0.022 0. 0.022 0.002 0. 0.002 0.022 0. 0.022 0.003 0. 0.003 0.01 0. 0.01 0.009 0. 0.009 0.01 0. 0.01 0.023 0. 0.023 0. 0. 0. 0.115 0. 0.115 0.011 0. 0.011 0.003 0. 0.003 0.013 0. 0.013 0.009 0. 0.009 0.011 0. 0.011
230 0.152 0. 0.152 0.001 0. 0.001 0.002 0. 0.002 0.002 0. 0.002 0.025 0. 0.025 0.002 0. 0.002 0.024 0. 0.024 0.003 0. 0.003 0.011 0. 0.011 0.011 0. 0.011 0.011 0. 0.011 0.025 0. 0.025 0. 0. 0. 0.126 0. 0.126 0.011 0. 0.011 0.004 0. 0.004 0.011 0. 0.011 0.01 0. 0.01 0.015 0. 0.015
240 0.167 0. 0.167 0.002 0. 0.002 0.002 0. 0.002 0.002 0. 0.002 0.024 0. 0.024 0.002 0. 0.002 0.024 0. 0.024 0.008 0. 0.008 0.012 0. 0.012 0.011 0. 0.011 0.012 0. 0.012 0.026 0. 0.032 0. 0. 0. 0.139 0. 0.134 0.02 0. 0.015 0.004 0. 0.004 0.012 0. 0.012 0.011 0. 0.011 0.012 0. 0.012
250 0.173 0. 0.173 0.002 0. 0.002 0.002 0. 0.002 0.002 0. 0.002 0.025 0. 0.025 0.002 0. 0.002 0.024 0. 0.024 0.01 0. 0.01 0.012 0. 0.012 0.012 0. 0.012 0.013 0. 0.013 0.027 0. 0.027 0. 0. 0. 0.146 0. 0.146 0.017 0. 0.017 0.004 0. 0.004 0.013 0. 0.013 0.012 0. 0.012 0.013 0. 0.012
260 0.197 0. 0.197 0.002 0. 0.002 0.002 0. 0.002 0.002 0. 0.002 0.028 0. 0.028 0.002 0. 0.002 0.028 0. 0.028 0.007 0. 0.007 0.014 0. 0.014 0.02 0. 0.02 0.013 0. 0.013 0.03 0. 0.03 0. 0. 0. 0.166 0. 0.166 0.02 0. 0.02 0.004 0. 0.004 0.013 0. 0.013 0.017 0. 0.016 0.014 0. 0.014
270 0.2 0. 0.2 0.008 0. 0.008 0.002 0. 0.002 0.002 0. 0.002 0.028 0. 0.028 0.002 0. 0.002 0.028 0. 0.028 0.004 0. 0.004 0.015 0. 0.015 0.014 0. 0.014 0.015 0. 0.015 0.032 0. 0.032 0. 0. 0. 0.166 0. 0.166 0.014 0. 0.014 0.004 0. 0.004 0.014 0. 0.014 0.014 0. 0.014 0.023 0. 0.023
280 0.209 0.003 0.205 0.003 0. 0.002 0.002 0. 0.002 0.002 0. 0.002 0.032 0. 0.032 0.009 0. 0.009 0.032 0. 0.032 0.007 0. 0.009 0.016 0. 0.016 0.014 0. 0.014 0.016 0.003 0.012 0.033 0. 0.033 0. 0. 0. 0.175 0.003 0.171 0.015 0. 0.015 0.004 0. 0.004 0.016 0. 0.016 0.015 0. 0.015 0.015 0. 0.015
290 0.217 0. 0.216 0.002 0. 0.002 0.009 0. 0.009 0.002 0. 0.002 0.032 0. 0.032 0.002 0. 0.002 0.032 0. 0.032 0.005 0. 0.005 0.016 0. 0.016 0.015 0. 0.015 0.016 0. 0.016 0.038 0. 0.038 0. 0. 0. 0.177 0. 0.177 0.017 0. 0.017 0.005 0. 0.005 0.016 0. 0.016 0.015 0. 0.015 0.016 0. 0.016
300 0.221 0.003 0.218 0.002 0. 0.002 0.003 0. 0.003 0.003 0. 0.003 0.034 0. 0.034 0.003 0. 0.003 0.034 0. 0.034 0.005 0. 0.005 0.017 0. 0.017 0.016 0. 0.016 0.022 0.003 0.019 0.037 0. 0.037 0. 0. 0. 0.184 0.003 0.18 0.017 0. 0.017 0.005 0. 0.005 0.017 0. 0.017 0.016 0. 0.016 0.017 0. 0.017
310 0.23 0. 0.23 0.003 0. 0.003 0.003 0. 0.003 0.003 0. 0.003 0.03 0. 0.03 0.003 0. 0.003 0.03 0. 0.03 0.005 0. 0.005 0.018 0. 0.018 0.017 0. 0.017 0.018 0. 0.018 0.039 0. 0.039 0. 0. 0. 0.189 0. 0.189 0.019 0. 0.019 0.009 0. 0.009 0.018 0. 0.018 0.017 0. 0.017 0.022 0. 0.022
320 0.263 0. 0.263 0.003 0. 0.003 0.003 0. 0.003 0.003 0. 0.003 0.042 0. 0.042 0.002 0. 0.002 0.041 0. 0.041 0.005 0. 0.005 0.024 0. 0.024 0.018 0. 0.018 0.019 0. 0.019 0.049 0. 0.049 0. 0. 0. 0.212 0. 0.212 0.019 0. 0.019 0.005 0. 0.005 0.019 0. 0.019 0.024 0. 0.024 0.019 0. 0.019
330 0.258 0.003 0.254 0.003 0. 0.003 0.003 0. 0.003 0.002 0. 0.002 0.032 0. 0.032 0.003 0. 0.003 0.032 0. 0.032 0.012 0.003 0.008 0.02 0. 0.02 0.019 0. 0.019 0.029 0. 0.029 0.043 0. 0.043 0. 0. 0. 0.213 0.003 0.209 0.02 0. 0.02 0.005 0. 0.005 0.019 0. 0.019 0.019 0. 0.019 0.02 0. 0.02
340 0.295 0.004 0.291 0.003 0. 0.003 0.003 0. 0.003 0.003 0. 0.003 0.036 0. 0.036 0.004 0. 0.004 0.036 0. 0.036 0.005 0. 0.005 0.023 0. 0.023 0.02 0. 0.02 0.021 0. 0.021 0.059 0. 0.059 0. 0. 0. 0.234 0.003 0.23 0.034 0.003 0.03 0.005 0. 0.005 0.029 0. 0.029 0.019 0. 0.019 0.022 0. 0.022
350 0.291 0.003 0.287 0.003 0. 0.003 0.003 0. 0.003 0.003 0. 0.003 0.042 0. 0.042 0.003 0. 0.003 0.042 0. 0.042 0.006 0. 0.006 0.022 0. 0.022 0.028 0.003 0.025 0.022 0. 0.022 0.048 0. 0.048 0. 0. 0. 0.242 0.003 0.238 0.032 0. 0.032 0.006 0. 0.006 0.022 0. 0.022 0.021 0. 0.021 0.022 0. 0.022
360 0.302 0. 0.298 0.003 0. 0.003 0.003 0. 0.003 0.003 0. 0.003 0.05 0. 0.05 0.003 0. 0.003 0.05 0. 0.049 0.006 0. 0.006 0.022 0. 0.022 0.022 0. 0.022 0.024 0. 0.024 0.053 0. 0.049 0. 0. 0. 0.246 0. 0.246 0.024 0. 0.024 0.006 0. 0.006 0.024 0. 0.024 0.028 0. 0.028 0.022 0. 0.022
370 0.288 0. 0.288 0.003 0. 0.003 0.003 0. 0.003 0.003 0. 0.003 0.041 0. 0.041 0.003 0. 0.003 0.041 0. 0.041 0.006 0. 0.006 0.023 0. 0.023 0.022 0. 0.022 0.024 0. 0.024 0.051 0. 0.051 0. 0. 0. 0.235 0. 0.235 0.024 0. 0.024 0.006 0. 0.006 0.023 0. 0.023 0.024 0. 0.024 0.024 0. 0.024
380 0.307 0. 0.307 0.003 0. 0.003 0.003 0. 0.003 0.003 0. 0.003 0.038 0. 0.038 0.003 0. 0.003 0.037 0. 0.037 0.006 0. 0.006 0.024 0. 0.024 0.025 0. 0.025 0.025 0. 0.025 0.052 0. 0.052 0. 0. 0. 0.254 0. 0.254 0.033 0. 0.033 0.006 0. 0.006 0.024 0. 0.024 0.029 0. 0.029 0.026 0. 0.025
390 0.323 0. 0.323 0.003 0. 0.003 0.004 0. 0.004 0.003 0. 0.003 0.044 0. 0.044 0.003 0. 0.003 0.043 0. 0.043 0.006 0. 0.006 0.026 0. 0.026 0.026 0. 0.026 0.026 0. 0.026 0.058 0. 0.058 0. 0. 0. 0.263 0. 0.263 0.027 0. 0.027 0.006 0. 0.006 0.026 0. 0.026 0.024 0. 0.024 0.03 0. 0.03
400 0.349 0. 0.348 0.003 0. 0.003 0.003 0. 0.003 0.005 0. 0. 0.045 0. 0.045 0.003 0. 0.003 0.045 0. 0.045 0.007 0. 0.007 0.027 0. 0.027 0.035 0. 0.041 0.028 0. 0.028 0.06 0. 0.06 0. 0. 0. 0.288 0. 0.287 0.028 0. 0.028 0.007 0. 0.006 0.028 0. 0.028 0.027 0. 0.027 0.033 0. 0.033
500 0.476 0. 0.476 0.004 0. 0.004 0.007 0. 0.007 0.004 0. 0.004 0.058 0. 0.058 0.004 0. 0.004 0.057 0. 0.057 0.008 0. 0.008 0.039 0. 0.039 0.041 0. 0.041 0.041 0. 0.041 0.089 0. 0.089 0. 0. 0. 0.385 0. 0.385 0.044 0. 0.044 0.008 0. 0.008 0.039 0. 0.039 0.04 0. 0.04 0.042 0. 0.042
600 0.644 0.003 0.64 0.005 0. 0.005 0.005 0. 0.005 0.005 0. 0.005 0.065 0. 0.065 0.005 0. 0.005 0.065 0. 0.065 0.01 0. 0.01 0.055 0. 0.055 0.057 0. 0.057 0.058 0. 0.058 0.125 0.003 0.121 0. 0. 0. 0.517 0. 0.517 0.064 0. 0.064 0.013 0. 0.013 0.057 0. 0.057 0.053 0. 0.053 0.056 0. 0.056
700 0.823 0. 0.823 0.015 0. 0.015 0.006 0. 0.006 0.005 0. 0.005 0.069 0. 0.069 0.01 0. 0.01 0.068 0. 0.068 0.011 0. 0.011 0.073 0. 0.073 0.072 0. 0.072 0.074 0. 0.074 0.163 0. 0.163 0. 0. 0. 0.658 0. 0.658 0.078 0. 0.078 0.011 0. 0.011 0.083 0. 0.083 0.073 0. 0.073 0.071 0. 0.071
800 1.034 0. 1.034 0.007 0. 0.007 0.012 0. 0.012 0.007 0. 0.007 0.088 0. 0.088 0.007 0. 0.007 0.087 0. 0.087 0.014 0. 0.014 0.09 0. 0.09 0.094 0. 0.094 0.098 0. 0.098 0.224 0. 0.224 0. 0. 0. 0.808 0. 0.808 0.091 0. 0.091 0.017 0. 0.017 0.093 0. 0.093 0.089 0. 0.089 0.094 0. 0.094
900 1.254 0.003 1.25 0.008 0. 0.008 0.007 0. 0.007 0.008 0. 0.008 0.102 0. 0.102 0.008 0. 0.008 0.101 0. 0.101 0.015 0. 0.015 0.124 0. 0.124 0.119 0. 0.119 0.117 0. 0.117 0.268 0.003 0.264 0. 0. 0. 0.984 0. 0.984 0.12 0. 0.12 0.015 0. 0.015 0.108 0. 0.108 0.111 0. 0.111 0.114 0. 0.114
1000 1.557 0.003 1.553 0.01 0. 0.01 0.009 0. 0.009 0.009 0. 0.009 0.113 0. 0.113 0.009 0. 0.009 0.112 0. 0.112 0.023 0. 0.023 0.148 0. 0.148 0.154 0. 0.154 0.147 0. 0.147 0.329 0. 0.329 0.001 0. 0.001 1.226 0.003 1.222 0.148 0.003 0.144 0.017 0. 0.017 0.144 0. 0.144 0.137 0. 0.137 0.15 0. 0.15
1100 1.798 0.004 1.794 0.01 0. 0.01 0.01 0. 0.01 0.009 0. 0.009 0.124 0.003 0.12 0.012 0. 0.012 0.122 0.003 0.118 0.025 0. 0.025 0.174 0. 0.174 0.175 0. 0.175 0.165 0. 0.165 0.39 0. 0.39 0.001 0. 0.001 1.406 0.004 1.401 0.165 0. 0.165 0.018 0. 0.018 0.169 0. 0.169 0.16 0. 0.16 0.182 0. 0.182
1200 2.153 0. 2.153 0.023 0. 0.023 0.011 0. 0.011 0.016 0. 0.016 0.136 0. 0.136 0.011 0. 0.011 0.135 0. 0.135 0.021 0. 0.021 0.198 0. 0.198 0.197 0. 0.196 0.214 0. 0.214 0.465 0. 0.465 0.001 0. 0.001 1.686 0. 1.685 0.22 0. 0.22 0.021 0. 0.021 0.203 0. 0.203 0.206 0. 0.206 0.201 0. 0.201
1300 2.481 0. 2.48 0.013 0. 0.013 0.013 0. 0.013 0.012 0. 0.012 0.144 0. 0.144 0.011 0. 0.011 0.143 0. 0.143 0.033 0. 0.033 0.231 0. 0.231 0.233 0. 0.233 0.251 0. 0.251 0.532 0. 0.532 0.001 0. 0.001 1.947 0. 1.946 0.242 0. 0.242 0.022 0. 0.022 0.233 0. 0.233 0.247 0. 0.247 0.252 0. 0.252
1400 2.867 0.012 2.855 0.013 0. 0.013 0.017 0. 0.017 0.012 0. 0.012 0.158 0.004 0.154 0.012 0. 0.012 0.157 0.004 0.153 0.024 0. 0.024 0.294 0. 0.294 0.275 0. 0.275 0.316 0.004 0.312 0.596 0.003 0.592 0.001 0. 0.001 2.27 0.008 2.261 0.277 0. 0.277 0.028 0. 0.028 0.284 0. 0.284 0.26 0. 0.26 0.291 0. 0.291
1500 3.425 0. 3.425 0.014 0. 0.014 0.014 0. 0.014 0.018 0. 0.018 0.165 0. 0.165 0.016 0. 0.016 0.164 0. 0.164 0.029 0. 0.029 0.345 0. 0.345 0.327 0. 0.327 0.335 0. 0.335 0.687 0. 0.687 0.001 0. 0.001 2.736 0. 2.735 0.372 0. 0.372 0.026 0. 0.026 0.366 0. 0.366 0.316 0. 0.316 0.384 0. 0.384
1600 3.846 0. 3.846 0.015 0. 0.015 0.015 0. 0.015 0.015 0. 0.015 0.192 0. 0.192 0.024 0. 0.024 0.19 0. 0.19 0.028 0. 0.028 0.305 0. 0.305 0.379 0. 0.379 0.403 0. 0.403 0.805 0. 0.805 0.001 0. 0.001 3.038 0. 3.038 0.414 0. 0.414 0.035 0. 0.035 0.371 0. 0.371 0.423 0. 0.423 0.412 0. 0.412
1700 4.788 0.004 4.783 0.016 0. 0.016 0.016 0.003 0.012 0.02 0. 0.02 0.202 0. 0.202 0.015 0. 0.015 0.201 0. 0.201 0.036 0. 0.036 0.502 0. 0.502 0.436 0. 0.436 0.553 0. 0.553 0.883 0. 0.883 0.001 0. 0.001 3.903 0.004 3.898 0.575 0. 0.575 0.029 0. 0.029 0.502 0. 0.501 0.555 0. 0.555 0.44 0. 0.44
1800 5.559 0. 5.559 0.024 0. 0.024 0.017 0. 0.017 0.016 0. 0.016 0.195 0. 0.195 0.017 0. 0.017 0.193 0. 0.193 0.031 0. 0.031 0.673 0. 0.673 0.61 0. 0.61 0.667 0. 0.667 0.968 0. 0.968 0.001 0. 0.001 4.589 0. 4.588 0.529 0. 0.529 0.036 0. 0.036 0.606 0. 0.606 0.605 0. 0.605 0.555 0. 0.555
1900 6.377 0.007 6.367 0.017 0. 0.017 0.02 0. 0.02 0.021 0. 0.021 0.21 0. 0.21 0.019 0. 0.019 0.209 0. 0.209 0.042 0. 0.042 0.731 0. 0.731 0.422 0. 0.422 0.697 0. 0.697 1.099 0. 1.098 0.001 0. 0.001 5.276 0.007 5.266 0.636 0.004 0.632 0.032 0. 0.032 0.819 0.003 0.813 0.798 0. 0.798 0.804 0. 0.804
2000 6.575 0.003 6.57 0.018 0. 0.018 0.02 0. 0.02 0.018 0. 0.018 0.233 0. 0.233 0.018 0. 0.018 0.232 0. 0.232 0.037 0. 0.037 0.763 0. 0.763 0.762 0. 0.762 0.834 0. 0.834 1.258 0.003 1.254 0.001 0. 0.001 5.309 0. 5.309 0.453 0. 0.453 0.043 0. 0.043 0.467 0. 0.466 0.881 0. 0.881 0.754 0. 0.754
2500 13.993 0. 13.985 0.03 0. 0.03 0.026 0. 0.026 0.022 0. 0.022 0.31 0. 0.31 0.023 0. 0.023 0.308 0. 0.308 0.052 0. 0.052 1.657 0. 1.657 1.829 0. 1.829 1.555 0. 1.555 1.89 0. 1.882 0.002 0. 0.002 12.1 0. 12.099 1.549 0. 1.549 0.057 0. 0.057 1.752 0. 1.752 1.643 0. 1.643 1.589 0. 1.589
3000 20.924 0.003 20.918 0.04 0. 0.04 0.029 0. 0.029 0.026 0. 0.026 0.325 0.003 0.321 0.027 0. 0.027 0.322 0.003 0.318 0.06 0. 0.06 2.811 0. 2.811 1.724 0. 1.724 2.856 0. 2.856 2.671 0. 2.671 0.002 0. 0.002 18.248 0.003 18.242 2.505 0. 2.504 0.059 0. 0.059 2.598 0. 2.598 2.572 0. 2.572 2.609 0. 2.609