param-n pattern-regression-linear-real pattern-regression-linear-sys pattern-regression-linear-user
1 0. 0. 0.
2 0. 0. 0.
3 0. 0. 0.
4 0. 0. 0.
5 0. 0. 0.
6 0. 0. 0.
7 0. 0. 0.
8 0. 0. 0.
9 0. 0. 0.
10 0. 0. 0.
11 0. 0. 0.
12 0. 0. 0.
13 0. 0. 0.
14 0. 0. 0.
15 0. 0. 0.
16 0. 0. 0.
17 0. 0. 0.
18 0. 0. 0.
19 0. 0. 0.
20 0. 0. 0.
21 0.001 0. 0.001
22 0.001 0. 0.001
23 0.001 0. 0.001
24 0.001 0. 0.001
25 0.001 0. 0.001
26 0. 0. 0.
27 0.001 0. 0.001
28 0.001 0. 0.001
29 0.001 0. 0.001
30 0.001 0. 0.001
31 0.001 0. 0.001
32 0.001 0. 0.001
33 0.001 0. 0.001
34 0.055 0.003 0.05
35 0. 0. 0.
36 0. 0. 0.
37 0. 0. 0.
38 0. 0. 0.
39 0. 0. 0.
40 0. 0. 0.
41 0. 0. 0.
42 0. 0. 0.
43 0. 0. 0.
44 0. 0. 0.
45 0. 0. 0.
46 0. 0. 0.
47 0.001 0. 0.001
48 0.001 0. 0.001
49 0.001 0. 0.001
50 0.001 0.001 0.
51 0.001 0.001 0.
52 0.001 0. 0.001
53 0.001 0. 0.001
54 0.001 0. 0.001
55 0.001 0. 0.001
56 0.001 0. 0.001
57 0.001 0. 0.001
58 0.001 0. 0.001
59 0.001 0. 0.001
60 0.001 0. 0.001
61 0.001 0. 0.001
62 0.001 0. 0.001
63 0.001 0. 0.001
64 0.001 0. 0.001
65 0.003 0. 0.003
66 0.001 0. 0.001
67 0.001 0. 0.001
68 0.001 0. 0.001
69 0.001 0. 0.001
70 0.001 0. 0.001
71 0.001 0. 0.001
72 0.001 0. 0.001
73 0.001 0. 0.001
74 0.001 0. 0.001
75 0.001 0. 0.001
76 0.001 0. 0.001
77 0.001 0. 0.001
78 0.001 0. 0.001
79 0.001 0. 0.001
80 0.001 0. 0.001
81 0.001 0. 0.001
82 0.001 0. 0.001
83 0.001 0. 0.001
84 0.001 0. 0.001
85 0.001 0. 0.001
86 0.001 0. 0.001
87 0.004 0. 0.004
88 0.001 0. 0.001
89 0.001 0. 0.001
90 0.001 0. 0.001
91 0.001 0. 0.001
92 0.001 0. 0.001
93 0.001 0. 0.001
94 0.001 0. 0.001
95 0.001 0. 0.001
96 0.001 0. 0.001
97 0.002 0. 0.002
98 0.002 0. 0.002
99 0.002 0. 0.002
100 0.002 0. 0.002
101 0.002 0. 0.002
102 0.002 0. 0.002
103 0.002 0. 0.002
104 0.002 0. 0.002
105 0.002 0. 0.002
106 0.002 0. 0.002
107 0.002 0. 0.002
108 0.002 0. 0.002
109 0.002 0. 0.002
110 0.002 0. 0.002
111 0.002 0. 0.002
112 0.002 0. 0.002
113 0.002 0. 0.002
114 0.002 0. 0.002
115 0.002 0. 0.002
116 0.002 0. 0.002
117 0.002 0. 0.002
118 0.002 0. 0.002
119 0.002 0. 0.002
120 0.007 0. 0.007
121 0.002 0. 0.002
122 0.002 0. 0.002
123 0.002 0. 0.002
124 0.002 0. 0.002
125 0.002 0. 0.002
126 0.002 0. 0.002
127 0.002 0. 0.002
128 0.002 0. 0.002
129 0.002 0. 0.002
130 0.002 0. 0.002
131 0.002 0. 0.002
132 0.002 0. 0.002
133 0.002 0. 0.002
134 0.002 0. 0.002
135 0.002 0. 0.002
136 0.002 0. 0.002
137 0.002 0. 0.002
138 0.002 0. 0.002
139 0.002 0. 0.002
140 0.003 0. 0.003
141 0.002 0. 0.002
142 0.003 0. 0.003
143 0.002 0. 0.002
144 0.003 0. 0.003
145 0.003 0. 0.003
146 0.006 0. 0.006
147 0.003 0. 0.003
148 0.003 0. 0.003
149 0.003 0. 0.003
150 0.004 0. 0.004
151 0.003 0. 0.003
152 0.003 0. 0.003
153 0.003 0. 0.003
154 0.003 0. 0.003
155 0.003 0. 0.003
156 0.003 0. 0.003
157 0.003 0. 0.003
158 0.004 0. 0.004
159 0.003 0. 0.003
160 0.003 0. 0.003
161 0.003 0. 0.003
162 0.003 0. 0.003
163 0.003 0. 0.003
164 0.003 0. 0.003
165 0.003 0. 0.003
166 0.003 0. 0.003
167 0.003 0. 0.003
168 0.003 0. 0.003
169 0.003 0. 0.003
170 0.003 0. 0.003
171 0.003 0. 0.003
172 0.003 0. 0.003
173 0.003 0. 0.003
174 0.003 0. 0.003
175 0.003 0. 0.003
176 0.003 0. 0.003
177 0.003 0. 0.003
178 0.003 0. 0.003
179 0.004 0. 0.004
180 0.003 0. 0.003
181 0.005 0. 0.005
182 0.003 0. 0.003
183 0.004 0. 0.003
184 0.003 0. 0.003
185 0.004 0. 0.004
186 0.003 0. 0.003
187 0.003 0. 0.003
188 0.003 0. 0.003
189 0.003 0. 0.003
190 0.003 0. 0.003
191 0.003 0. 0.003
192 0.003 0. 0.003
193 0.003 0. 0.003
194 0.004 0. 0.004
195 0.003 0. 0.003
196 0.003 0. 0.003
197 0.003 0. 0.003
198 0.005 0. 0.005
199 0.003 0. 0.003
200 0.004 0. 0.004
201 0.004 0. 0.004
202 0.004 0. 0.004
203 0.004 0. 0.004
204 0.004 0. 0.004
205 0.004 0. 0.004
206 0.004 0. 0.004
207 0.006 0. 0.006
208 0.004 0. 0.004
209 0.004 0. 0.004
210 0.004 0. 0.004
211 0.004 0. 0.004
212 0.004 0. 0.004
213 0.004 0. 0.004
214 0.004 0. 0.004
215 0.005 0. 0.005
216 0.004 0. 0.004
217 0.004 0. 0.004
218 0.004 0. 0.004
219 0.004 0. 0.004
220 0.004 0. 0.004
221 0.004 0. 0.004
222 0.004 0. 0.004
223 0.007 0. 0.007
224 0.004 0. 0.004
225 0.004 0. 0.004
226 0.004 0. 0.004
227 0.004 0. 0.004
228 0.004 0. 0.004
229 0.004 0. 0.004
230 0.004 0. 0.004
231 0.005 0. 0.005
232 0.004 0. 0.004
233 0.004 0. 0.004
234 0.004 0. 0.004
235 0.004 0. 0.004
236 0.004 0. 0.004
237 0.004 0. 0.004
238 0.004 0. 0.004
239 0.007 0. 0.007
240 0.004 0. 0.004
241 0.004 0. 0.004
242 0.005 0. 0.005
243 0.004 0. 0.004
244 0.005 0. 0.005
245 0.004 0. 0.004
246 0.006 0. 0.006
247 0.004 0. 0.004
248 0.005 0. 0.005
249 0.005 0. 0.005
250 0.005 0. 0.005
251 0.004 0. 0.004
252 0.005 0. 0.005
253 0.005 0. 0.005
254 0.007 0. 0.007
255 0.005 0. 0.005
256 0.005 0. 0.005
257 0.005 0. 0.005
258 0.005 0. 0.005
259 0.005 0. 0.005
260 0.005 0. 0.005
261 0.006 0. 0.006
262 0.005 0. 0.005
263 0.005 0. 0.005
264 0.005 0. 0.005
265 0.005 0. 0.005
266 0.005 0. 0.005
267 0.005 0. 0.005
268 0.005 0. 0.005
269 0.005 0. 0.005
270 0.005 0. 0.005
271 0.005 0. 0.005
272 0.005 0. 0.005
273 0.005 0. 0.005
274 0.006 0. 0.006
275 0.005 0. 0.005
276 0.005 0. 0.005
277 0.005 0. 0.005
278 0.005 0. 0.005
279 0.005 0. 0.005
280 0.005 0. 0.005
281 0.008 0. 0.008
282 0.005 0. 0.005
283 0.005 0. 0.005
284 0.005 0. 0.005
285 0.005 0. 0.005
286 0.005 0. 0.005
287 0.006 0. 0.006
288 0.005 0. 0.005
289 0.005 0. 0.005
290 0.005 0. 0.005
291 0.005 0. 0.005
292 0.006 0. 0.006
293 0.005 0. 0.005
294 0.005 0. 0.005
295 0.005 0. 0.005
296 0.006 0. 0.006
297 0.005 0. 0.005
298 0.005 0. 0.005
299 0.006 0. 0.006
300 0.006 0. 0.006
301 0.006 0. 0.006
302 0.006 0. 0.006
303 0.006 0. 0.006
304 0.006 0. 0.006
305 0.006 0. 0.006
306 0.008 0. 0.008
307 0.006 0. 0.006
308 0.006 0. 0.006
309 0.006 0. 0.006
310 0.006 0. 0.006
311 0.006 0. 0.006
312 0.006 0. 0.005
313 0.006 0. 0.006
314 0.006 0. 0.006
315 0.006 0. 0.006
316 0.006 0. 0.006
317 0.009 0. 0.009
318 0.006 0. 0.006
319 0.006 0. 0.006
320 0.006 0. 0.006
321 0.006 0. 0.006
322 0.006 0. 0.006
323 0.007 0. 0.007
324 0.006 0. 0.006
325 0.006 0. 0.006
326 0.006 0. 0.006
327 0.006 0. 0.006
328 0.006 0. 0.006
329 0.009 0. 0.009
330 0.006 0. 0.006
331 0.006 0. 0.006
332 0.006 0. 0.006
333 0.006 0. 0.006
334 0.008 0. 0.008
335 0.007 0. 0.006
336 0.006 0. 0.006
337 0.006 0. 0.006
338 0.006 0. 0.006
339 0.006 0. 0.006
340 0.009 0. 0.009
341 0.006 0. 0.006
342 0.006 0. 0.006
343 0.006 0. 0.006
344 0.006 0. 0.006
345 0.008 0. 0.008
346 0.006 0. 0.006
347 0.007 0. 0.007
348 0.006 0. 0.006
349 0.006 0. 0.006
350 0.009 0. 0.009
351 0.007 0. 0.007
352 0.007 0. 0.007
353 0.007 0. 0.007
354 0.007 0. 0.007
355 0.008 0. 0.008
356 0.007 0. 0.007
357 0.007 0. 0.007
358 0.007 0. 0.007
359 0.007 0. 0.007
360 0.007 0. 0.007
361 0.007 0. 0.007
362 0.007 0. 0.007
363 0.007 0. 0.007
364 0.007 0. 0.007
365 0.007 0. 0.007
366 0.008 0. 0.008
367 0.007 0. 0.007
368 0.007 0. 0.007
369 0.007 0. 0.007
370 0.007 0. 0.007
371 0.009 0. 0.009
372 0.007 0. 0.007
373 0.007 0. 0.007
374 0.007 0. 0.007
375 0.007 0. 0.007
376 0.009 0. 0.009
377 0.007 0. 0.007
378 0.007 0. 0.007
379 0.007 0. 0.007
380 0.009 0. 0.009
381 0.007 0. 0.007
382 0.007 0. 0.007
383 0.007 0. 0.007
384 0.007 0. 0.007
385 0.01 0. 0.01
386 0.007 0. 0.007
387 0.007 0. 0.007
388 0.007 0. 0.007
389 0.008 0. 0.008
390 0.01 0. 0.01
391 0.007 0. 0.007
392 0.007 0. 0.007
393 0.007 0. 0.007
394 0.007 0. 0.007
395 0.008 0. 0.008
396 0.007 0. 0.007
397 0.008 0. 0.008
398 0.008 0. 0.008
399 0.009 0. 0.009
400 0.008 0. 0.008
401 0.008 0. 0.008
402 0.008 0. 0.008
403 0.008 0. 0.008
404 0.01 0. 0.01
405 0.008 0. 0.008
406 0.008 0. 0.008
407 0.008 0. 0.008
408 0.01 0. 0.009
409 0.008 0. 0.008
410 0.008 0. 0.008
411 0.008 0. 0.008
412 0.008 0. 0.008
413 0.01 0. 0.01
414 0.008 0. 0.008
415 0.008 0. 0.008
416 0.008 0. 0.008
417 0.01 0. 0.01
418 0.008 0. 0.008
419 0.008 0. 0.008
420 0.008 0. 0.008
421 0.008 0. 0.008
422 0.009 0. 0.009
423 0.009 0. 0.009
424 0.009 0. 0.009
425 0.008 0. 0.008
426 0.013 0. 0.013
427 0.009 0. 0.009
428 0.008 0. 0.008
429 0.008 0. 0.008
430 0.01 0. 0.01
431 0.008 0. 0.008
432 0.008 0. 0.008
433 0.008 0. 0.008
434 0.008 0. 0.008
435 0.008 0. 0.008
436 0.008 0. 0.008
437 0.008 0. 0.008
438 0.008 0. 0.008
439 0.01 0. 0.01
440 0.008 0. 0.008
441 0.008 0. 0.008
442 0.008 0. 0.008
443 0.01 0. 0.01
444 0.008 0. 0.008
445 0.008 0. 0.008
446 0.008 0. 0.008
447 0.01 0. 0.01
448 0.008 0. 0.008
449 0.008 0. 0.008
450 0.009 0. 0.009
451 0.011 0. 0.011
452 0.009 0. 0.009
453 0.009 0. 0.009
454 0.009 0. 0.009
455 0.011 0. 0.011
456 0.009 0. 0.009
457 0.009 0. 0.009
458 0.009 0. 0.009
459 0.011 0. 0.011
460 0.009 0. 0.009
461 0.009 0. 0.009
462 0.009 0. 0.009
463 0.011 0. 0.011
464 0.009 0. 0.009
465 0.009 0. 0.009
466 0.009 0. 0.009
467 0.013 0. 0.013
468 0.01 0. 0.01
469 0.01 0. 0.01
470 0.009 0. 0.009
471 0.011 0. 0.011
472 0.009 0. 0.009
473 0.009 0. 0.009
474 0.009 0. 0.009
475 0.012 0. 0.012
476 0.009 0. 0.009
477 0.009 0. 0.009
478 0.009 0. 0.009
479 0.01 0. 0.01
480 0.009 0. 0.009
481 0.009 0. 0.009
482 0.009 0. 0.009
483 0.012 0. 0.012
484 0.009 0. 0.009
485 0.009 0. 0.009
486 0.009 0. 0.009
487 0.01 0. 0.01
488 0.009 0. 0.009
489 0.009 0. 0.009
490 0.009 0. 0.009
491 0.009 0. 0.009
492 0.009 0. 0.009
493 0.009 0. 0.009
494 0.011 0. 0.011
495 0.009 0. 0.009
496 0.01 0. 0.01
497 0.009 0. 0.009
498 0.012 0. 0.012
499 0.01 0. 0.01
500 0.01 0. 0.01
600 0.02 0.008 0.012
800 0.071 0.011 0.059
1000 0.02 0. 0.02
1200 0.026 0. 0.025
1400 0.031 0. 0.031
1600 0.037 0. 0.037
1800 0.037 0. 0.037
2000 0.046 0. 0.046
2200 0.055 0. 0.055
2400 0.055 0. 0.055
2600 0.063 0. 0.063
2800 0.074 0. 0.074
3000 0.067 0. 0.067
3200 0.075 0. 0.075
3400 0.091 0. 0.091
3600 0.096 0. 0.096
3800 0.098 0. 0.098
4000 0.104 0. 0.104
4200 0.11 0. 0.11
4400 0.13 0. 0.13
4600 0.104 0.003 0.1
4800 0.116 0.003 0.113
5000 0.119 0. 0.119
5200 0.135 0. 0.135
5400 0.146 0.003 0.142
5600 0.155 0.007 0.147
5800 0.146 0. 0.146
6000 0.131 0. 0.13
6200 0.134 0. 0.134
6400 0.14 0. 0.14
6600 0.162 0. 0.162
6800 0.162 0. 0.162
7000 0.167 0. 0.167
7200 0.167 0. 0.167
7400 0.167 0. 0.167
7600 0.163 0. 0.163
7800 0.178 0. 0.178
8000 0.183 0. 0.183
8200 0.19 0. 0.19
8400 0.194 0. 0.194
8600 0.206 0. 0.206
8800 0.218 0. 0.218
9000 0.229 0. 0.229
9200 0.241 0. 0.241
9400 0.25 0. 0.25
9600 0.261 0. 0.261
9800 0.268 0. 0.268
10000 0.272 0. 0.272
10200 0.263 0. 0.263
10400 0.266 0. 0.266
10600 0.273 0. 0.273
10800 0.303 0. 0.303
11000 0.311 0. 0.311
11200 0.312 0. 0.312
11400 0.318 0. 0.318
11600 0.329 0.007 0.319
11800 0.326 0. 0.326
12000 0.324 0. 0.324
12200 0.324 0. 0.324
12400 0.329 0. 0.329
12600 0.332 0. 0.332
12800 0.339 0. 0.339
13000 0.366 0.003 0.362
13200 0.365 0. 0.365
13400 0.373 0. 0.373
13600 0.383 0. 0.383
13800 0.389 0. 0.389
14000 0.39 0. 0.39
14200 0.39 0. 0.39
14400 0.393 0. 0.393
14600 0.378 0. 0.382
14800 0.381 0. 0.381
15000 0.454 0. 0.453
15200 0.433 0.004 0.428
15400 0.407 0. 0.407
15600 0.393 0. 0.393
15800 0.382 0. 0.382
16000 0.403 0. 0.403
16200 0.407 0. 0.407
16400 0.407 0. 0.407
16600 0.419 0. 0.419
16800 0.429 0. 0.429
17000 0.442 0. 0.442
17200 0.461 0. 0.461
17400 0.473 0. 0.473
17600 0.489 0. 0.489
17800 0.491 0. 0.49
18000 0.5 0. 0.5
18200 0.52 0. 0.52
18400 0.529 0. 0.529
18600 0.544 0. 0.543
18800 0.559 0. 0.559
19000 0.577 0. 0.577
19200 0.584 0. 0.583
19400 0.64 0. 0.64
19600 0.64 0. 0.64
19800 0.648 0. 0.648
20000 0.651 0. 0.649