param-n pattern-real pattern-sys pattern-user
1 0. 0. 0.
2 0. 0. 0.
3 0. 0. 0.
4 0. 0. 0.
5 0. 0. 0.
6 0. 0. 0.
7 0. 0. 0.
8 0. 0. 0.
9 0.049 0.006 0.042
10 0. 0. 0.
11 0. 0. 0.
12 0. 0. 0.
13 0. 0. 0.
14 0. 0. 0.
15 0. 0. 0.
16 0. 0. 0.
17 0. 0. 0.
18 0. 0. 0.
19 0. 0. 0.
20 0. 0. 0.
21 0. 0. 0.
22 0. 0. 0.
23 0. 0. 0.
24 0. 0. 0.
25 0. 0. 0.
26 0. 0. 0.
27 0. 0. 0.
28 0. 0. 0.
29 0. 0. 0.
30 0. 0. 0.
31 0. 0. 0.
32 0. 0. 0.
33 0. 0. 0.
34 0. 0. 0.
35 0. 0. 0.
36 0. 0. 0.
37 0. 0. 0.
38 0. 0. 0.
39 0. 0. 0.
40 0. 0. 0.
41 0. 0. 0.
42 0. 0. 0.
43 0. 0. 0.
44 0. 0. 0.
45 0.001 0. 0.001
46 0.001 0. 0.001
47 0.001 0. 0.001
48 0.001 0. 0.001
49 0.001 0. 0.001
50 0.001 0. 0.001
51 0.001 0. 0.001
52 0.001 0. 0.001
53 0.001 0. 0.001
54 0.001 0. 0.001
55 0.001 0. 0.001
56 0.001 0. 0.001
57 0.001 0. 0.001
58 0.001 0. 0.001
59 0.001 0. 0.001
60 0.001 0. 0.001
61 0.001 0. 0.001
62 0.001 0. 0.001
63 0.001 0. 0.001
64 0.001 0. 0.001
65 0.001 0. 0.001
66 0.001 0. 0.001
67 0.001 0. 0.001
68 0.001 0. 0.001
69 0.001 0. 0.001
70 0.001 0. 0.001
71 0.001 0. 0.001
72 0.001 0. 0.001
73 0.001 0. 0.001
74 0.001 0. 0.001
75 0.002 0. 0.002
76 0.001 0. 0.001
77 0.002 0. 0.002
78 0.001 0. 0.001
79 0.001 0. 0.001
80 0.001 0. 0.001
81 0.001 0. 0.001
82 0.001 0. 0.001
83 0.002 0. 0.002
84 0.002 0. 0.002
85 0.002 0. 0.002
86 0.002 0. 0.002
87 0.002 0. 0.002
88 0.002 0. 0.002
89 0.002 0. 0.002
90 0.002 0. 0.002
91 0.001 0. 0.001
92 0.001 0. 0.001
93 0.002 0. 0.002
94 0.002 0. 0.002
95 0.002 0. 0.002
96 0.001 0. 0.001
97 0.002 0. 0.002
98 0.002 0. 0.002
99 0.002 0. 0.002
100 0.002 0. 0.002
101 0.002 0. 0.002
102 0.002 0. 0.002
103 0.002 0. 0.002
104 0.002 0. 0.002
105 0.002 0. 0.002
106 0.002 0. 0.002
107 0.002 0. 0.002
108 0.002 0. 0.002
109 0.002 0. 0.002
110 0.002 0. 0.002
111 0.002 0. 0.002
112 0.002 0. 0.002
113 0.002 0. 0.002
114 0.002 0. 0.002
115 0.002 0. 0.002
116 0.002 0. 0.002
117 0.002 0. 0.002
118 0.002 0. 0.002
119 0.002 0. 0.002
120 0.002 0. 0.002
121 0.002 0. 0.002
122 0.002 0. 0.002
123 0.003 0. 0.003
124 0.002 0. 0.002
125 0.002 0. 0.002
126 0.002 0. 0.002
127 0.002 0. 0.002
128 0.002 0. 0.002
129 0.002 0. 0.002
130 0.002 0. 0.002
131 0.002 0. 0.002
132 0.002 0. 0.002
133 0.003 0. 0.003
134 0.002 0. 0.002
135 0.002 0. 0.002
136 0.004 0. 0.004
137 0.002 0. 0.002
138 0.002 0. 0.002
139 0.002 0. 0.002
140 0.002 0. 0.002
141 0.002 0. 0.002
142 0.002 0. 0.002
143 0.003 0. 0.003
144 0.002 0. 0.002
145 0.003 0. 0.003
146 0.003 0. 0.003
147 0.003 0. 0.003
148 0.004 0. 0.004
149 0.003 0. 0.003
150 0.005 0. 0.005
151 0.003 0. 0.003
152 0.003 0. 0.003
153 0.003 0. 0.003
154 0.003 0. 0.003
155 0.003 0. 0.003
156 0.003 0. 0.003
157 0.003 0. 0.003
158 0.003 0. 0.003
159 0.003 0. 0.003
160 0.003 0. 0.003
161 0.003 0. 0.003
162 0.003 0. 0.003
163 0.003 0. 0.003
164 0.003 0. 0.003
165 0.003 0. 0.003
166 0.003 0. 0.003
167 0.003 0. 0.003
168 0.003 0. 0.003
169 0.004 0. 0.004
170 0.003 0. 0.003
171 0.003 0. 0.003
172 0.003 0. 0.003
173 0.003 0. 0.003
174 0.003 0. 0.003
175 0.003 0. 0.003
176 0.003 0. 0.003
177 0.003 0. 0.003
178 0.004 0. 0.004
179 0.003 0. 0.003
180 0.003 0. 0.003
181 0.003 0. 0.003
182 0.003 0. 0.003
183 0.003 0. 0.003
184 0.003 0. 0.003
185 0.003 0. 0.003
186 0.003 0. 0.003
187 0.003 0. 0.003
188 0.004 0. 0.004
189 0.004 0. 0.004
190 0.004 0. 0.004
191 0.004 0. 0.004
192 0.003 0. 0.003
193 0.003 0. 0.003
194 0.003 0. 0.003
195 0.004 0. 0.004
196 0.005 0. 0.005
197 0.004 0. 0.004
198 0.003 0. 0.003
199 0.003 0. 0.003
200 0.004 0. 0.004
201 0.004 0. 0.004
202 0.004 0. 0.004
203 0.004 0. 0.004
204 0.004 0. 0.004
205 0.004 0. 0.004
206 0.004 0. 0.004
207 0.004 0. 0.004
208 0.004 0. 0.004
209 0.004 0. 0.004
210 0.004 0. 0.004
211 0.004 0. 0.004
212 0.004 0. 0.004
213 0.005 0. 0.005
214 0.004 0. 0.004
215 0.004 0. 0.004
216 0.004 0. 0.004
217 0.004 0. 0.004
218 0.004 0. 0.004
219 0.004 0. 0.004
220 0.004 0. 0.004
221 0.005 0. 0.005
222 0.004 0. 0.004
223 0.004 0. 0.004
224 0.004 0. 0.004
225 0.004 0. 0.004
226 0.004 0. 0.004
227 0.004 0. 0.004
228 0.005 0. 0.005
229 0.004 0. 0.004
230 0.004 0. 0.004
231 0.005 0. 0.005
232 0.004 0. 0.004
233 0.004 0. 0.004
234 0.005 0. 0.005
235 0.005 0. 0.005
236 0.005 0. 0.005
237 0.005 0. 0.005
238 0.004 0. 0.004
239 0.005 0. 0.005
240 0.005 0. 0.005
241 0.005 0. 0.005
242 0.005 0. 0.005
243 0.006 0. 0.006
244 0.005 0. 0.005
245 0.005 0. 0.005
246 0.005 0. 0.005
247 0.005 0. 0.005
248 0.005 0. 0.005
249 0.005 0. 0.005
250 0.005 0. 0.005
251 0.005 0. 0.005
252 0.005 0. 0.005
253 0.005 0. 0.005
254 0.005 0. 0.005
255 0.005 0. 0.005
256 0.005 0. 0.005
257 0.005 0. 0.005
258 0.005 0. 0.005
259 0.005 0. 0.005
260 0.005 0. 0.005
261 0.005 0. 0.005
262 0.005 0. 0.005
263 0.006 0. 0.006
264 0.005 0. 0.005
265 0.005 0. 0.005
266 0.005 0. 0.005
267 0.005 0. 0.005
268 0.005 0. 0.005
269 0.005 0. 0.005
270 0.005 0. 0.005
271 0.007 0. 0.007
272 0.005 0. 0.005
273 0.005 0. 0.005
274 0.005 0. 0.005
275 0.006 0. 0.006
276 0.006 0. 0.006
277 0.005 0. 0.005
278 0.005 0. 0.005
279 0.005 0. 0.005
280 0.005 0. 0.005
281 0.005 0. 0.005
282 0.006 0. 0.006
283 0.005 0. 0.005
284 0.005 0. 0.005
285 0.005 0. 0.005
286 0.005 0. 0.005
287 0.006 0. 0.006
288 0.006 0. 0.006
289 0.006 0. 0.006
290 0.006 0. 0.006
291 0.006 0. 0.006
292 0.006 0. 0.006
293 0.006 0. 0.006
294 0.007 0. 0.007
295 0.006 0. 0.006
296 0.006 0. 0.006
297 0.006 0. 0.006
298 0.006 0. 0.006
299 0.006 0. 0.006
300 0.007 0. 0.007
301 0.006 0. 0.006
302 0.006 0. 0.006
303 0.006 0. 0.006
304 0.006 0. 0.006
305 0.006 0. 0.006
306 0.006 0. 0.006
307 0.006 0. 0.006
308 0.006 0. 0.006
309 0.006 0. 0.006
310 0.006 0. 0.006
311 0.007 0. 0.007
312 0.006 0. 0.006
313 0.006 0. 0.006
314 0.006 0. 0.006
315 0.006 0. 0.006
316 0.006 0. 0.006
317 0.008 0. 0.008
318 0.006 0. 0.006
319 0.006 0. 0.006
320 0.006 0. 0.006
321 0.006 0. 0.006
322 0.007 0. 0.007
323 0.006 0. 0.006
324 0.006 0. 0.006
325 0.006 0. 0.006
326 0.006 0. 0.006
327 0.008 0. 0.008
328 0.006 0. 0.006
329 0.006 0. 0.006
330 0.006 0. 0.006
331 0.008 0. 0.008
332 0.007 0. 0.007
333 0.007 0. 0.007
334 0.007 0. 0.007
335 0.007 0. 0.007
336 0.007 0. 0.007
337 0.007 0. 0.007
338 0.008 0.001 0.006
339 0.007 0. 0.007
340 0.01 0. 0.01
341 0.008 0. 0.008
342 0.007 0. 0.007
343 0.008 0. 0.008
344 0.007 0. 0.007
345 0.007 0. 0.007
346 0.007 0. 0.007
347 0.007 0. 0.007
348 0.008 0. 0.008
349 0.007 0. 0.007
350 0.007 0. 0.007
351 0.007 0. 0.007
352 0.007 0. 0.007
353 0.009 0. 0.009
354 0.007 0. 0.007
355 0.007 0. 0.007
356 0.007 0. 0.007
357 0.007 0. 0.007
358 0.009 0. 0.009
359 0.007 0. 0.007
360 0.007 0. 0.007
361 0.007 0. 0.007
362 0.007 0. 0.007
363 0.007 0. 0.007
364 0.007 0. 0.007
365 0.008 0. 0.008
366 0.007 0. 0.007
367 0.01 0. 0.01
368 0.007 0. 0.007
369 0.007 0. 0.007
370 0.008 0. 0.008
371 0.007 0. 0.007
372 0.009 0. 0.009
373 0.007 0. 0.007
374 0.007 0. 0.007
375 0.008 0. 0.008
376 0.008 0. 0.008
377 0.009 0. 0.009
378 0.008 0. 0.008
379 0.008 0. 0.008
380 0.007 0. 0.007
381 0.009 0. 0.009
382 0.008 0. 0.008
383 0.008 0. 0.008
384 0.008 0. 0.008
385 0.008 0. 0.008
386 0.009 0. 0.009
387 0.008 0. 0.008
388 0.008 0. 0.008
389 0.008 0. 0.008
390 0.009 0. 0.009
391 0.008 0. 0.008
392 0.008 0. 0.008
393 0.009 0. 0.009
394 0.008 0. 0.008
395 0.01 0. 0.01
396 0.008 0. 0.008
397 0.008 0. 0.008
398 0.008 0. 0.008
399 0.009 0. 0.009
400 0.008 0. 0.008
401 0.008 0. 0.008
402 0.008 0. 0.008
403 0.008 0. 0.008
404 0.008 0. 0.008
405 0.008 0. 0.008
406 0.008 0. 0.008
407 0.008 0. 0.008
408 0.009 0. 0.009
409 0.008 0. 0.008
410 0.008 0. 0.008
411 0.008 0. 0.008
412 0.009 0. 0.009
413 0.008 0. 0.008
414 0.008 0. 0.008
415 0.009 0. 0.006
416 0.01 0. 0.015
417 0.008 0. 0.008
418 0.008 0. 0.008
419 0.008 0. 0.008
420 0.01 0. 0.01
421 0.008 0. 0.008
422 0.009 0. 0.009
423 0.008 0. 0.008
424 0.008 0. 0.008
425 0.008 0. 0.008
426 0.009 0. 0.009
427 0.008 0. 0.008
428 0.008 0. 0.008
429 0.011 0. 0.011
430 0.008 0. 0.008
431 0.008 0. 0.008
432 0.008 0. 0.008
433 0.009 0. 0.009
434 0.009 0. 0.009
435 0.009 0. 0.009
436 0.009 0. 0.009
437 0.01 0. 0.01
438 0.009 0. 0.009
439 0.009 0. 0.009
440 0.009 0. 0.009
441 0.01 0. 0.01
442 0.009 0. 0.009
443 0.009 0. 0.009
444 0.009 0. 0.009
445 0.01 0. 0.01
446 0.009 0. 0.009
447 0.009 0. 0.009
448 0.009 0. 0.009
449 0.009 0. 0.009
450 0.009 0. 0.009
451 0.009 0. 0.009
452 0.011 0. 0.011
453 0.009 0. 0.009
454 0.009 0. 0.009
455 0.009 0. 0.009
456 0.01 0. 0.01
457 0.009 0. 0.009
458 0.009 0. 0.009
459 0.009 0. 0.009
460 0.011 0. 0.011
461 0.009 0. 0.009
462 0.009 0. 0.009
463 0.009 0. 0.009
464 0.011 0. 0.011
465 0.009 0. 0.009
466 0.01 0. 0.01
467 0.009 0. 0.009
468 0.011 0. 0.011
469 0.009 0. 0.009
470 0.009 0. 0.009
471 0.011 0. 0.011
472 0.009 0. 0.009
473 0.01 0. 0.01
474 0.009 0. 0.009
475 0.013 0. 0.013
476 0.009 0. 0.009
477 0.009 0. 0.009
478 0.009 0. 0.009
479 0.011 0. 0.011
480 0.009 0. 0.009
481 0.009 0. 0.009
482 0.011 0. 0.011
483 0.01 0. 0.01
484 0.009 0. 0.009
485 0.011 0. 0.011
486 0.011 0. 0.011
487 0.01 0. 0.01
488 0.01 0. 0.01
489 0.009 0. 0.009
490 0.011 0. 0.011
491 0.01 0. 0.01
492 0.01 0. 0.01
493 0.011 0. 0.011
494 0.01 0. 0.01
495 0.01 0. 0.01
496 0.01 0. 0.01
497 0.012 0. 0.012
498 0.01 0. 0.01
499 0.01 0. 0.01
500 0.011 0. 0.011
600 0.066 0.007 0.058
800 0.016 0. 0.016
1000 0.023 0. 0.023
1200 0.024 0. 0.024
1400 0.033 0. 0.033
1600 0.036 0. 0.036
1800 0.045 0. 0.045
2000 0.046 0. 0.046
2200 0.062 0. 0.062
2400 0.066 0. 0.066
2600 0.059 0. 0.059
2800 0.074 0.003 0.071
3000 0.083 0. 0.083
3200 0.08 0. 0.08
3400 0.079 0. 0.079
3600 0.083 0. 0.082
3800 0.092 0.004 0.088
4000 0.087 0.003 0.083
4200 0.109 0.007 0.101
4400 0.125 0. 0.125
4600 0.115 0.003 0.111
4800 0.114 0. 0.114
5000 0.118 0.003 0.114
5200 0.138 0.007 0.13
5400 0.134 0.003 0.13
5600 0.143 0.003 0.139
5800 0.139 0. 0.139
6000 0.133 0. 0.133
6200 0.156 0. 0.156
6400 0.164 0. 0.163
6600 0.156 0. 0.156
6800 0.158 0. 0.158
7000 0.157 0. 0.157
7200 0.16 0. 0.16
7400 0.167 0. 0.167
7600 0.175 0. 0.175
7800 0.197 0. 0.197
8000 0.194 0. 0.194
8200 0.2 0. 0.2
8400 0.214 0. 0.214
8600 0.229 0. 0.229
8800 0.237 0. 0.237
9000 0.253 0. 0.253
9200 0.25 0. 0.25
9400 0.252 0. 0.252
9600 0.253 0. 0.253
9800 0.253 0. 0.253
10000 0.271 0. 0.271
10200 0.314 0. 0.314
10400 0.324 0. 0.324
10600 0.32 0. 0.32
10800 0.327 0. 0.327
11000 0.336 0. 0.336
11200 0.335 0.003 0.331
11400 0.342 0. 0.342
11600 0.347 0. 0.347
11800 0.35 0. 0.349
12000 0.361 0. 0.361
12200 0.367 0. 0.367
12400 0.376 0. 0.376
12600 0.386 0. 0.386
12800 0.382 0. 0.382
13000 0.383 0. 0.383
13200 0.389 0. 0.389
13400 0.39 0. 0.39
13600 0.394 0. 0.394
13800 0.389 0. 0.387
14000 0.365 0. 0.365
14200 0.42 0. 0.419
14400 0.395 0. 0.395
14600 0.358 0. 0.358
14800 0.377 0. 0.377
15000 0.389 0. 0.389
15200 0.407 0. 0.407
15400 0.408 0. 0.408
15600 0.41 0. 0.41
15800 0.426 0. 0.426
16000 0.442 0. 0.442
16200 0.454 0. 0.454
16400 0.481 0. 0.481
16600 0.496 0. 0.495
16800 0.51 0. 0.51
17000 0.541 0. 0.541
17200 0.53 0. 0.53
17400 0.551 0. 0.55
17600 0.574 0. 0.575
17800 0.593 0. 0.591
18000 0.614 0. 0.614
18200 0.604 0. 0.604
18400 0.625 0. 0.624
18600 0.615 0. 0.615
18800 0.606 0. 0.606
19000 0.614 0. 0.613
19200 0.602 0. 0.602
19400 0.603 0. 0.603
19600 0.599 0. 0.599
19800 0.612 0. 0.612
20000 0.633 0. 0.632