param-n abstract-regression-quadratic-real abstract-regression-quadratic-sys abstract-regression-quadratic-user build-I-regression-linear-real build-I-regression-linear-sys build-I-regression-linear-user build-admit-cast-regression-linear-real build-admit-cast-regression-linear-sys build-admit-cast-regression-linear-user build-admit-regression-linear-real build-admit-regression-linear-sys build-admit-regression-linear-user build-eval-thunk-regression-linear-real build-eval-thunk-regression-linear-sys build-eval-thunk-regression-linear-user build-pf-cast-regression-linear-real build-pf-cast-regression-linear-sys build-pf-cast-regression-linear-user build-thunk-regression-linear-real build-thunk-regression-linear-sys build-thunk-regression-linear-user check-I-regression-linear-real check-I-regression-linear-sys check-I-regression-linear-user check-admit-cast-regression-quadratic-real check-admit-cast-regression-quadratic-sys check-admit-cast-regression-quadratic-user check-admit-regression-quadratic-real check-admit-regression-quadratic-sys check-admit-regression-quadratic-user check-pf-cast-regression-quadratic-real check-pf-cast-regression-quadratic-sys check-pf-cast-regression-quadratic-user close-abstract-regression-quadratic-real close-abstract-regression-quadratic-sys close-abstract-regression-quadratic-user eval-thunk-regression-linear-real eval-thunk-regression-linear-sys eval-thunk-regression-linear-user fast-rewrite-regression-quadratic-real fast-rewrite-regression-quadratic-sys fast-rewrite-regression-quadratic-user refine-regression-quadratic-regression-linear-real refine-regression-quadratic-regression-linear-sys refine-regression-quadratic-regression-linear-user type-I-regression-linear-real type-I-regression-linear-sys type-I-regression-linear-user type-admit-cast-regression-quadratic-real type-admit-cast-regression-quadratic-sys type-admit-cast-regression-quadratic-user type-admit-regression-quadratic-real type-admit-regression-quadratic-sys type-admit-regression-quadratic-user type-pf-cast-regression-quadratic-real type-pf-cast-regression-quadratic-sys type-pf-cast-regression-quadratic-user
1 0.002 0. 0.001 0. 0. 0. 0. 0. 0. 0. 0. 0. 0. 0. 0. 0. 0. 0. 0. 0. 0. 0. 0. 0. 0. 0. 0. 0. 0. 0. 0. 0. 0. 0. 0. 0. 0. 0. 0. 0.001 0. 0.001 0. 0. 0. 0. 0. 0. 0. 0. 0. 0. 0. 0. 0. 0. 0.
2 0.002 0. 0.002 0. 0. 0. 0. 0. 0. 0. 0. 0. 0. 0. 0. 0. 0. 0. 0. 0. 0. 0. 0. 0. 0. 0. 0. 0. 0. 0. 0. 0. 0. 0. 0. 0. 0. 0. 0. 0.002 0. 0.002 0. 0. 0. 0. 0. 0. 0. 0. 0. 0. 0. 0. 0. 0. 0.
3 0.003 0.003 0. 0. 0. 0. 0. 0. 0. 0. 0. 0. 0.001 0.001 0. 0. 0. 0. 0. 0. 0. 0. 0. 0. 0. 0. 0. 0. 0. 0. 0. 0. 0. 0. 0. 0. 0. 0. 0. 0.003 0.002 0. 0. 0. 0. 0. 0. 0. 0. 0. 0. 0. 0. 0. 0. 0. 0.
4 0.004 0. 0.003 0. 0. 0. 0. 0. 0. 0. 0. 0. 0. 0. 0. 0. 0. 0. 0. 0. 0. 0. 0. 0. 0. 0. 0. 0. 0. 0. 0. 0. 0. 0. 0. 0. 0. 0. 0. 0.003 0. 0.002 0. 0. 0. 0. 0. 0. 0. 0. 0. 0. 0. 0. 0. 0. 0.
5 0.004 0.004 0. 0. 0. 0. 0. 0. 0. 0. 0. 0. 0.001 0.001 0. 0. 0. 0. 0.001 0.001 0. 0. 0. 0. 0. 0. 0. 0. 0. 0. 0. 0. 0. 0. 0. 0. 0. 0. 0. 0.003 0.003 0. 0. 0. 0. 0. 0. 0. 0. 0. 0. 0. 0. 0. 0. 0. 0.
6 0.003 0. 0.002 0. 0. 0. 0. 0. 0. 0. 0. 0. 0. 0. 0. 0. 0. 0. 0. 0. 0. 0. 0. 0. 0. 0. 0. 0. 0. 0. 0. 0. 0. 0. 0. 0. 0. 0. 0. 0.002 0. 0.002 0. 0. 0. 0. 0. 0. 0. 0. 0. 0. 0. 0. 0. 0. 0.
7 0.003 0. 0.003 0. 0. 0. 0. 0. 0. 0. 0. 0. 0. 0. 0. 0. 0. 0. 0. 0. 0. 0. 0. 0. 0. 0. 0. 0. 0. 0. 0. 0. 0. 0. 0. 0. 0. 0. 0. 0.003 0. 0.003 0. 0. 0. 0. 0. 0. 0. 0. 0. 0. 0. 0. 0. 0. 0.
8 0.004 0. 0.004 0. 0. 0. 0. 0. 0. 0. 0. 0. 0. 0. 0. 0. 0. 0. 0. 0. 0. 0. 0. 0. 0. 0. 0. 0. 0. 0. 0. 0. 0. 0. 0. 0. 0. 0. 0. 0.003 0. 0.003 0. 0. 0. 0. 0. 0. 0. 0. 0. 0. 0. 0. 0. 0. 0.
9 0.005 0. 0.005 0. 0. 0. 0. 0. 0. 0. 0. 0. 0.001 0. 0.001 0. 0. 0. 0.001 0. 0.001 0. 0. 0. 0. 0. 0. 0. 0. 0. 0. 0. 0. 0. 0. 0. 0. 0. 0. 0.004 0. 0.004 0. 0. 0. 0. 0. 0. 0. 0. 0. 0. 0. 0. 0. 0. 0.
10 0.005 0. 0.005 0. 0. 0. 0. 0. 0. 0. 0. 0. 0.001 0. 0.001 0. 0. 0. 0.001 0. 0.001 0. 0. 0. 0. 0. 0. 0. 0. 0. 0. 0. 0. 0. 0. 0. 0. 0. 0. 0.004 0. 0.004 0. 0. 0. 0. 0. 0. 0. 0. 0. 0. 0. 0. 0. 0. 0.
11 0.006 0. 0.006 0. 0. 0. 0. 0. 0. 0. 0. 0. 0.001 0. 0.001 0. 0. 0. 0.001 0. 0.001 0. 0. 0. 0. 0. 0. 0. 0. 0. 0. 0. 0. 0. 0. 0. 0. 0. 0. 0.005 0. 0.005 0. 0. 0. 0. 0. 0. 0. 0. 0. 0. 0. 0. 0. 0. 0.
12 0.006 0. 0.006 0. 0. 0. 0. 0. 0. 0. 0. 0. 0.001 0. 0.001 0. 0. 0. 0.001 0. 0.001 0. 0. 0. 0. 0. 0. 0. 0. 0. 0. 0. 0. 0. 0. 0. 0. 0. 0. 0.005 0. 0.005 0. 0. 0. 0. 0. 0. 0. 0. 0. 0. 0. 0. 0. 0. 0.
13 0.006 0. 0.006 0. 0. 0. 0. 0. 0. 0. 0. 0. 0.001 0. 0.001 0. 0. 0. 0.001 0. 0.001 0. 0. 0. 0. 0. 0. 0. 0. 0. 0. 0. 0. 0.001 0. 0.001 0. 0. 0. 0.005 0. 0.005 0. 0. 0. 0. 0. 0. 0. 0. 0. 0. 0. 0. 0. 0. 0.
14 0.006 0. 0.006 0. 0. 0. 0. 0. 0. 0. 0. 0. 0.001 0. 0.001 0. 0. 0. 0.001 0. 0.001 0. 0. 0. 0. 0. 0. 0. 0. 0. 0. 0. 0. 0. 0. 0. 0. 0. 0. 0.005 0. 0.005 0. 0. 0. 0. 0. 0. 0. 0. 0. 0. 0. 0. 0. 0. 0.
15 0.007 0.003 0.004 0. 0. 0. 0. 0. 0. 0. 0. 0. 0.001 0. 0.001 0. 0. 0. 0.001 0. 0.001 0. 0. 0. 0. 0. 0. 0. 0. 0. 0. 0. 0. 0. 0. 0. 0. 0. 0. 0.006 0.002 0.003 0. 0. 0. 0. 0. 0. 0. 0. 0. 0. 0. 0. 0. 0. 0.
16 0.007 0. 0.007 0. 0. 0. 0. 0. 0. 0. 0. 0. 0.001 0. 0.001 0. 0. 0. 0.001 0. 0.001 0. 0. 0. 0. 0. 0. 0. 0. 0. 0. 0. 0. 0.001 0. 0.001 0. 0. 0. 0.006 0. 0.006 0. 0. 0. 0. 0. 0. 0. 0. 0. 0. 0. 0. 0. 0. 0.
17 0.009 0. 0.009 0. 0. 0. 0. 0. 0. 0. 0. 0. 0.002 0. 0.002 0. 0. 0. 0.002 0. 0.002 0. 0. 0. 0. 0. 0. 0. 0. 0. 0. 0. 0. 0.001 0. 0.001 0. 0. 0. 0.007 0. 0.007 0. 0. 0. 0. 0. 0. 0. 0. 0. 0. 0. 0. 0. 0. 0.
18 0.009 0. 0.009 0. 0. 0. 0. 0. 0. 0. 0. 0. 0.002 0. 0.002 0. 0. 0. 0.002 0. 0.002 0. 0. 0. 0. 0. 0. 0. 0. 0. 0. 0. 0. 0.001 0. 0.001 0. 0. 0. 0.007 0. 0.007 0. 0. 0. 0. 0. 0. 0. 0. 0. 0. 0. 0. 0. 0. 0.
19 0.009 0. 0.009 0. 0. 0. 0. 0. 0. 0. 0. 0. 0.002 0. 0.002 0. 0. 0. 0.002 0. 0.002 0. 0. 0. 0. 0. 0. 0. 0. 0. 0. 0. 0. 0.001 0. 0.001 0. 0. 0. 0.007 0. 0.007 0. 0. 0. 0. 0. 0. 0. 0. 0. 0. 0. 0. 0. 0. 0.
20 0.009 0. 0.009 0. 0. 0. 0. 0. 0. 0. 0. 0. 0.002 0. 0.002 0. 0. 0. 0.002 0. 0.002 0. 0. 0. 0. 0. 0. 0. 0. 0. 0. 0. 0. 0.001 0. 0.001 0. 0. 0. 0.008 0. 0.008 0. 0. 0. 0. 0. 0. 0. 0. 0. 0. 0. 0. 0. 0. 0.
21 0.01 0. 0.01 0. 0. 0. 0. 0. 0. 0. 0. 0. 0.002 0. 0.002 0. 0. 0. 0.002 0. 0.002 0. 0. 0. 0. 0. 0. 0. 0. 0. 0. 0. 0. 0.001 0. 0.001 0. 0. 0. 0.008 0. 0.008 0. 0. 0. 0. 0. 0. 0. 0. 0. 0. 0. 0. 0. 0. 0.
22 0.01 0. 0.01 0. 0. 0. 0. 0. 0. 0. 0. 0. 0.002 0. 0.002 0. 0. 0. 0.002 0. 0.002 0. 0. 0. 0. 0. 0. 0. 0. 0. 0. 0. 0. 0.001 0. 0.001 0. 0. 0. 0.008 0. 0.008 0. 0. 0. 0. 0. 0. 0. 0. 0. 0. 0. 0. 0. 0. 0.
23 0.012 0. 0.012 0. 0. 0. 0. 0. 0. 0. 0. 0. 0.002 0. 0.002 0. 0. 0. 0.002 0. 0.002 0. 0. 0. 0.002 0. 0.002 0. 0. 0. 0. 0. 0. 0.001 0. 0.001 0. 0. 0. 0.011 0. 0.011 0. 0. 0. 0. 0. 0. 0. 0. 0. 0. 0. 0. 0. 0. 0.
24 0.011 0. 0.011 0. 0. 0. 0. 0. 0. 0. 0. 0. 0.002 0. 0.002 0. 0. 0. 0.002 0. 0.002 0. 0. 0. 0. 0. 0. 0. 0. 0. 0. 0. 0. 0.001 0. 0.001 0. 0. 0. 0.009 0. 0.009 0. 0. 0. 0. 0. 0. 0. 0. 0. 0. 0. 0. 0. 0. 0.
25 0.012 0. 0.012 0. 0. 0. 0. 0. 0. 0. 0. 0. 0.002 0. 0.002 0. 0. 0. 0.002 0. 0.002 0. 0. 0. 0. 0. 0. 0. 0. 0. 0. 0. 0. 0.001 0. 0.001 0. 0. 0. 0.01 0. 0.01 0. 0. 0. 0. 0. 0. 0. 0. 0. 0. 0. 0. 0. 0. 0.
26 0.014 0. 0.014 0. 0. 0. 0. 0. 0. 0. 0. 0. 0.002 0. 0.002 0. 0. 0. 0.002 0. 0.002 0. 0. 0. 0. 0. 0. 0. 0. 0. 0. 0. 0. 0.001 0. 0.001 0. 0. 0. 0.011 0. 0.011 0.001 0. 0.001 0. 0. 0. 0. 0. 0. 0. 0. 0. 0. 0. 0.
27 0.012 0. 0.012 0. 0. 0. 0. 0. 0. 0. 0. 0. 0.002 0. 0.002 0. 0. 0. 0.002 0. 0.002 0. 0. 0. 0. 0. 0. 0. 0. 0. 0. 0. 0. 0.001 0. 0.001 0. 0. 0. 0.01 0. 0.01 0. 0. 0. 0. 0. 0. 0. 0. 0. 0. 0. 0. 0. 0. 0.
28 0.014 0. 0.014 0. 0. 0. 0. 0. 0. 0. 0. 0. 0.002 0. 0.002 0. 0. 0. 0.002 0. 0.002 0. 0. 0. 0.001 0. 0.001 0. 0. 0. 0. 0. 0. 0.001 0. 0.001 0. 0. 0. 0.012 0. 0.012 0.001 0. 0.001 0. 0. 0. 0.001 0. 0.001 0. 0. 0. 0.002 0. 0.002
29 0.013 0. 0.013 0. 0. 0. 0. 0. 0. 0. 0. 0. 0.002 0. 0.002 0. 0. 0. 0.002 0. 0.002 0. 0. 0. 0.001 0. 0.001 0. 0. 0. 0. 0. 0. 0.001 0. 0.001 0. 0. 0. 0.01 0. 0.01 0. 0. 0. 0. 0. 0. 0. 0. 0. 0. 0. 0. 0. 0. 0.
30 0.015 0. 0.015 0. 0. 0. 0. 0. 0. 0. 0. 0. 0.003 0. 0.003 0. 0. 0. 0.003 0. 0.003 0. 0. 0. 0. 0. 0. 0. 0. 0. 0.001 0. 0.001 0.002 0. 0.002 0. 0. 0. 0.012 0. 0.012 0. 0. 0. 0. 0. 0. 0. 0. 0. 0. 0. 0. 0.001 0. 0.001
31 0.014 0. 0.014 0. 0. 0. 0. 0. 0. 0. 0. 0. 0.003 0. 0.003 0. 0. 0. 0.003 0. 0.003 0. 0. 0. 0. 0. 0.001 0. 0. 0. 0. 0. 0. 0.001 0. 0.001 0. 0. 0. 0.012 0. 0.012 0. 0. 0. 0. 0. 0. 0.001 0. 0.001 0. 0. 0. 0. 0. 0.
32 0.014 0. 0.014 0. 0. 0. 0. 0. 0. 0. 0. 0. 0.003 0. 0.003 0. 0. 0. 0.003 0. 0.003 0. 0. 0. 0.001 0. 0.001 0. 0. 0. 0. 0. 0. 0.001 0. 0.001 0. 0. 0. 0.012 0. 0.012 0. 0. 0. 0. 0. 0. 0.001 0. 0.001 0. 0. 0. 0. 0. 0.
33 0.018 0. 0.018 0. 0. 0. 0. 0. 0. 0. 0. 0. 0.006 0. 0.006 0. 0. 0. 0.006 0. 0.006 0. 0. 0. 0.001 0. 0.001 0.001 0. 0.001 0. 0. 0. 0.002 0. 0.002 0. 0. 0. 0.016 0. 0.016 0. 0. 0. 0. 0. 0. 0. 0. 0. 0. 0. 0. 0. 0. 0.
34 0.015 0. 0.015 0. 0. 0. 0. 0. 0. 0. 0. 0. 0.003 0. 0.003 0. 0. 0. 0.003 0. 0.003 0. 0. 0. 0. 0. 0. 0. 0. 0. 0.001 0. 0.001 0.002 0. 0.002 0. 0. 0. 0.012 0. 0.012 0. 0. 0. 0. 0. 0. 0. 0. 0. 0. 0. 0. 0.001 0. 0.001
35 0.015 0. 0.015 0. 0. 0. 0. 0. 0. 0. 0. 0. 0.003 0. 0.003 0. 0. 0. 0.003 0. 0.003 0. 0. 0. 0. 0. 0. 0.001 0. 0.001 0. 0. 0. 0.002 0. 0.002 0. 0. 0. 0.012 0. 0.012 0.001 0. 0.001 0. 0. 0. 0. 0. 0. 0. 0. 0. 0. 0. 0.
36 0.015 0. 0.015 0. 0. 0. 0. 0. 0. 0. 0. 0. 0.003 0. 0.003 0. 0. 0. 0.003 0. 0.003 0. 0. 0. 0. 0. 0. 0. 0. 0. 0.001 0. 0.001 0.002 0. 0.002 0. 0. 0. 0.013 0. 0.013 0. 0. 0. 0. 0. 0. 0.001 0. 0.001 0. 0. 0. 0. 0. 0.
37 0.019 0. 0.018 0. 0. 0. 0. 0. 0. 0. 0. 0. 0.006 0. 0.006 0. 0. 0. 0.006 0. 0.006 0. 0. 0. 0. 0. 0. 0. 0. 0. 0.001 0. 0.001 0.002 0. 0.002 0. 0. 0. 0.016 0. 0.016 0.001 0. 0.001 0. 0. 0. 0. 0. 0. 0.001 0. 0.001 0.001 0. 0.001
38 0.02 0. 0.02 0. 0. 0. 0. 0. 0. 0. 0. 0. 0.003 0. 0.003 0. 0. 0. 0.003 0. 0.003 0.001 0. 0.001 0.001 0. 0.001 0.001 0. 0.001 0.001 0. 0.001 0.003 0. 0.003 0. 0. 0. 0.016 0. 0.016 0.002 0. 0.002 0. 0. 0. 0. 0. 0. 0.001 0. 0.001 0. 0. 0.
39 0.017 0. 0.017 0. 0. 0. 0. 0. 0. 0. 0. 0. 0.003 0. 0.003 0. 0. 0. 0.003 0. 0.003 0. 0. 0. 0.001 0. 0.001 0. 0. 0. 0. 0. 0. 0.002 0. 0.002 0. 0. 0. 0.014 0. 0.014 0.001 0. 0.001 0. 0. 0. 0.001 0. 0.001 0. 0. 0. 0.001 0. 0.001
40 0.02 0. 0.02 0. 0. 0. 0. 0. 0. 0. 0. 0. 0.004 0. 0.004 0. 0. 0. 0.004 0. 0.004 0.001 0. 0.001 0.001 0. 0.001 0. 0. 0. 0.001 0. 0.001 0.002 0. 0.002 0. 0. 0. 0.017 0. 0.017 0.001 0. 0.001 0. 0. 0. 0.001 0. 0.001 0.001 0. 0.001 0.003 0. 0.003
41 0.019 0. 0.019 0. 0. 0. 0. 0. 0. 0. 0. 0. 0.005 0. 0.005 0. 0. 0. 0.005 0. 0.005 0. 0. 0. 0.001 0. 0.001 0. 0. 0. 0.001 0. 0.001 0.002 0. 0.002 0. 0. 0. 0.016 0. 0.016 0.001 0. 0.001 0. 0. 0. 0.001 0. 0.001 0. 0. 0. 0.001 0. 0.001
42 0.019 0. 0.019 0. 0. 0. 0. 0. 0. 0. 0. 0. 0.004 0. 0.004 0. 0. 0. 0.004 0. 0.004 0. 0. 0. 0.001 0. 0.001 0. 0. 0. 0.001 0. 0.001 0.002 0. 0.002 0. 0. 0. 0.016 0. 0.016 0.001 0. 0.001 0. 0. 0. 0.001 0. 0.001 0.001 0. 0.001 0.001 0. 0.001
43 0.02 0. 0.02 0. 0. 0. 0. 0. 0. 0. 0. 0. 0.004 0. 0.004 0. 0. 0. 0.004 0. 0.004 0. 0. 0. 0.001 0. 0.001 0.001 0. 0.001 0.001 0. 0.001 0.003 0. 0.003 0. 0. 0. 0.017 0. 0.016 0.001 0. 0.001 0. 0. 0. 0.001 0. 0.001 0.001 0. 0.001 0.001 0. 0.001
44 0.022 0.003 0.019 0. 0. 0. 0. 0. 0. 0. 0. 0. 0.006 0. 0.006 0. 0. 0. 0.006 0. 0.006 0. 0. 0. 0.001 0. 0.001 0.001 0. 0.001 0.001 0.001 0. 0.002 0. 0.002 0. 0. 0. 0.018 0.003 0.015 0.001 0. 0.001 0. 0. 0. 0.001 0. 0.001 0. 0. 0. 0.001 0.001 0.
45 0.02 0. 0.02 0. 0. 0. 0. 0. 0. 0. 0. 0. 0.004 0. 0.004 0. 0. 0. 0.004 0. 0.004 0.001 0. 0.001 0.001 0. 0.001 0.001 0. 0.001 0.001 0. 0.001 0.002 0. 0.002 0. 0. 0. 0.017 0. 0.017 0.001 0. 0.001 0. 0. 0. 0.001 0. 0.001 0.001 0. 0.001 0.001 0. 0.001
46 0.023 0. 0.023 0. 0. 0. 0. 0. 0. 0. 0. 0. 0.005 0. 0.005 0. 0. 0. 0.005 0. 0.005 0. 0. 0. 0.001 0. 0.001 0.001 0. 0.001 0.001 0. 0.001 0.003 0. 0.003 0. 0. 0. 0.018 0. 0.018 0.001 0. 0.001 0. 0. 0. 0.001 0. 0.001 0.001 0. 0.001 0.001 0. 0.001
47 0.024 0. 0.024 0. 0. 0. 0. 0. 0. 0. 0. 0. 0.007 0. 0.007 0. 0. 0. 0.007 0. 0.007 0.001 0. 0.001 0.001 0. 0.001 0.001 0. 0.001 0.001 0. 0.001 0.003 0. 0.003 0. 0. 0. 0.02 0. 0.02 0.001 0. 0.001 0. 0. 0. 0.001 0. 0.001 0.001 0. 0.001 0.001 0. 0.001
48 0.023 0. 0.023 0. 0. 0. 0. 0. 0. 0. 0. 0. 0.005 0. 0.005 0. 0. 0. 0.005 0. 0.005 0. 0. 0. 0.001 0. 0.001 0.001 0. 0.001 0.001 0. 0.001 0.003 0. 0.003 0. 0. 0. 0.019 0. 0.019 0.002 0. 0.002 0. 0. 0. 0.001 0. 0.001 0.001 0. 0.001 0.001 0. 0.001
49 0.022 0. 0.022 0. 0. 0. 0. 0. 0. 0. 0. 0. 0.005 0. 0.005 0. 0. 0. 0.005 0. 0.005 0. 0. 0. 0.001 0. 0.001 0.001 0. 0.001 0.001 0. 0.001 0.003 0. 0.003 0. 0. 0. 0.019 0. 0.019 0.002 0. 0.002 0. 0. 0. 0.001 0. 0.001 0.001 0. 0.001 0.001 0. 0.001
50 0.032 0.018 0.014 0. 0. 0. 0.001 0. 0.001 0. 0. 0. 0.009 0.007 0.002 0. 0. 0. 0.009 0.007 0.002 0.001 0. 0. 0.002 0. 0.002 0.001 0.001 0. 0.001 0.001 0. 0.003 0. 0.003 0. 0. 0. 0.028 0.017 0.011 0.002 0.002 0. 0.001 0.001 0. 0.001 0. 0.001 0.001 0. 0.001 0.001 0.001 0.
51 0.024 0. 0.024 0. 0. 0. 0. 0. 0. 0. 0. 0. 0.005 0. 0.005 0. 0. 0. 0.005 0. 0.005 0.001 0. 0.001 0.001 0. 0.001 0.001 0. 0.001 0.001 0. 0.001 0.003 0. 0.003 0. 0. 0. 0.019 0. 0.019 0.001 0. 0.001 0. 0. 0. 0.001 0. 0.001 0.001 0. 0.001 0.001 0. 0.001
52 0.025 0. 0.025 0. 0. 0. 0. 0. 0. 0. 0. 0. 0.005 0. 0.005 0. 0. 0. 0.005 0. 0.005 0.001 0. 0.001 0.001 0. 0.001 0.001 0. 0.001 0.001 0. 0.001 0.004 0. 0.004 0. 0. 0. 0.021 0. 0.021 0.001 0. 0.001 0. 0. 0. 0.001 0. 0.001 0.001 0. 0.001 0.002 0. 0.002
53 0.027 0. 0.027 0. 0. 0. 0. 0. 0. 0. 0. 0. 0.005 0. 0.005 0.001 0. 0.001 0.005 0. 0.005 0.001 0. 0.001 0.001 0. 0.001 0.001 0. 0.001 0.001 0. 0.001 0.003 0. 0.003 0. 0. 0. 0.022 0. 0.022 0.001 0. 0.001 0. 0. 0. 0.001 0. 0.001 0.001 0. 0.001 0.001 0. 0.001
54 0.026 0. 0.026 0. 0. 0. 0. 0. 0. 0. 0. 0. 0.006 0. 0.006 0. 0. 0. 0.006 0. 0.006 0.001 0. 0.001 0.001 0. 0.001 0.001 0. 0.001 0.001 0. 0.001 0.004 0. 0.004 0. 0. 0. 0.021 0. 0.021 0.001 0. 0.001 0.001 0. 0.001 0.001 0. 0.001 0.001 0. 0.001 0.001 0. 0.001
55 0.025 0. 0.025 0. 0. 0. 0. 0. 0. 0. 0. 0. 0.006 0. 0.006 0. 0. 0. 0.006 0. 0.006 0.001 0. 0.001 0.001 0. 0.001 0.001 0. 0.001 0.001 0. 0.001 0.003 0. 0.003 0. 0. 0. 0.021 0. 0.021 0.001 0. 0.001 0.001 0. 0.001 0.001 0. 0.001 0.001 0. 0.001 0.001 0. 0.001
56 0.025 0. 0.025 0. 0. 0. 0. 0. 0. 0. 0. 0. 0.006 0. 0.006 0. 0. 0. 0.006 0. 0.006 0.001 0. 0.001 0.001 0. 0.001 0.001 0. 0.001 0.001 0. 0.001 0.003 0. 0.003 0. 0. 0. 0.02 0. 0.02 0.001 0. 0.001 0. 0. 0. 0.001 0. 0.001 0.001 0. 0.001 0.001 0. 0.001
57 0.027 0. 0.027 0. 0. 0. 0. 0. 0. 0. 0. 0. 0.006 0. 0.006 0. 0. 0. 0.005 0. 0.005 0.001 0. 0.001 0.001 0. 0.001 0.001 0. 0.001 0.001 0. 0.001 0.003 0. 0.003 0. 0. 0. 0.022 0. 0.022 0.002 0. 0.002 0.001 0. 0.001 0.001 0. 0.001 0.001 0. 0.001 0.001 0. 0.001
58 0.029 0. 0.029 0. 0. 0. 0. 0. 0. 0. 0. 0. 0.005 0. 0.005 0. 0. 0. 0.005 0. 0.005 0.001 0. 0.001 0.001 0. 0.001 0.001 0. 0.001 0.003 0. 0.003 0.004 0. 0.004 0. 0. 0. 0.023 0. 0.023 0.001 0. 0.001 0.001 0. 0.001 0.002 0. 0.002 0.001 0. 0.001 0.001 0. 0.001
59 0.027 0. 0.027 0. 0. 0. 0. 0. 0. 0. 0. 0. 0.005 0. 0.005 0. 0. 0. 0.005 0. 0.005 0.001 0. 0.001 0.001 0. 0.001 0.001 0. 0.001 0.001 0. 0.001 0.004 0. 0.004 0. 0. 0. 0.022 0. 0.022 0.001 0. 0.001 0.001 0. 0.001 0.002 0. 0.002 0.001 0. 0.001 0.001 0. 0.001
60 0.028 0. 0.028 0. 0. 0. 0. 0. 0. 0. 0. 0. 0.005 0. 0.005 0. 0. 0. 0.005 0. 0.005 0.001 0. 0.001 0.001 0. 0.001 0.001 0. 0.001 0.001 0. 0.001 0.005 0. 0.005 0. 0. 0. 0.022 0. 0.022 0.001 0. 0.001 0.001 0. 0.001 0.001 0. 0.001 0.001 0. 0.001 0.002 0. 0.002
61 0.028 0. 0.028 0. 0. 0. 0. 0. 0. 0. 0. 0. 0.007 0. 0.007 0. 0. 0. 0.007 0. 0.007 0.001 0. 0.001 0.001 0. 0.001 0.001 0. 0.001 0.001 0. 0.001 0.003 0. 0.003 0. 0. 0. 0.024 0. 0.024 0.001 0. 0.001 0.001 0. 0.001 0.001 0. 0.001 0.002 0. 0.002 0.001 0. 0.001
62 0.028 0. 0.028 0. 0. 0. 0. 0. 0. 0. 0. 0. 0.005 0. 0.005 0. 0. 0. 0.005 0. 0.005 0.001 0. 0.001 0.001 0. 0.001 0.001 0. 0.001 0.001 0. 0.001 0.004 0. 0.004 0. 0. 0. 0.023 0. 0.023 0.001 0. 0.001 0.001 0. 0.001 0.001 0. 0.001 0.001 0. 0.001 0.001 0. 0.001
63 0.029 0. 0.029 0.001 0. 0.001 0. 0. 0. 0. 0. 0. 0.006 0. 0.006 0. 0. 0. 0.006 0. 0.006 0.001 0. 0.001 0.002 0. 0.002 0.002 0. 0.002 0.001 0. 0.001 0.004 0. 0.004 0. 0. 0. 0.024 0. 0.024 0.001 0. 0.001 0.001 0. 0.001 0.001 0. 0.001 0.001 0. 0.001 0.001 0. 0.001
64 0.028 0. 0.028 0. 0. 0. 0. 0. 0. 0. 0. 0. 0.006 0. 0.006 0. 0. 0. 0.006 0. 0.006 0.001 0. 0.001 0.001 0. 0.001 0.001 0. 0.001 0.001 0. 0.001 0.004 0. 0.004 0. 0. 0. 0.023 0. 0.023 0.001 0. 0.001 0.001 0. 0.001 0.002 0. 0.002 0.001 0. 0.001 0.001 0. 0.001
65 0.03 0. 0.03 0. 0. 0. 0. 0. 0. 0. 0. 0. 0.006 0. 0.006 0. 0. 0. 0.006 0. 0.006 0.001 0. 0.001 0.001 0. 0.001 0.001 0. 0.001 0.001 0. 0.001 0.004 0. 0.004 0. 0. 0. 0.025 0. 0.025 0.002 0. 0.002 0.001 0. 0.001 0.001 0. 0.001 0.003 0. 0.003 0.001 0. 0.001
66 0.031 0. 0.031 0. 0. 0. 0. 0. 0. 0. 0. 0. 0.006 0. 0.006 0. 0. 0. 0.006 0. 0.006 0.001 0. 0.001 0.001 0. 0.001 0.001 0. 0.001 0.002 0. 0.002 0.005 0. 0.005 0. 0. 0. 0.025 0. 0.025 0.002 0. 0.002 0.001 0. 0.001 0.002 0. 0.002 0.001 0. 0.001 0.001 0. 0.001
67 0.034 0. 0.034 0. 0. 0. 0. 0. 0. 0. 0. 0. 0.007 0. 0.007 0. 0. 0. 0.007 0. 0.007 0.001 0. 0.001 0.004 0. 0.004 0.001 0. 0.001 0.002 0. 0.002 0.005 0. 0.005 0. 0. 0. 0.028 0. 0.028 0.001 0. 0.001 0.001 0. 0.001 0.001 0. 0.001 0.001 0. 0.001 0.002 0. 0.002
68 0.032 0. 0.032 0. 0. 0. 0. 0. 0. 0. 0. 0. 0.007 0. 0.007 0. 0. 0. 0.007 0. 0.007 0.001 0. 0.001 0.002 0. 0.002 0.002 0. 0.002 0.002 0. 0.002 0.004 0. 0.004 0. 0. 0. 0.026 0. 0.026 0.002 0. 0.002 0.001 0. 0.001 0.002 0. 0.002 0.001 0. 0.002 0.001 0. 0.001
69 0.035 0. 0.035 0. 0. 0. 0. 0. 0. 0. 0. 0. 0.007 0. 0.007 0. 0. 0. 0.007 0. 0.007 0.001 0. 0.001 0.002 0. 0.002 0.002 0. 0.002 0.001 0. 0.001 0.004 0. 0.004 0. 0. 0. 0.029 0. 0.029 0.001 0. 0.001 0.001 0. 0.001 0.003 0. 0.003 0.002 0. 0.002 0.002 0. 0.002
70 0.032 0. 0.032 0. 0. 0. 0. 0. 0. 0. 0. 0. 0.007 0. 0.007 0. 0. 0. 0.007 0. 0.007 0.001 0. 0.001 0.002 0. 0.002 0.001 0. 0.001 0.001 0. 0.001 0.004 0. 0.004 0. 0. 0. 0.027 0. 0.027 0.001 0. 0.001 0.001 0. 0.001 0.002 0. 0.002 0.001 0. 0.001 0.001 0. 0.001
71 0.034 0. 0.034 0. 0. 0. 0. 0. 0. 0. 0. 0. 0.007 0. 0.007 0. 0. 0. 0.006 0. 0.006 0.001 0. 0.001 0.002 0. 0.002 0.002 0. 0.002 0.002 0. 0.002 0.005 0. 0.005 0. 0. 0. 0.028 0. 0.028 0.001 0. 0.001 0.001 0. 0.001 0.004 0. 0.004 0.001 0. 0.001 0.002 0. 0.002
72 0.031 0. 0.031 0. 0. 0. 0. 0. 0. 0. 0. 0. 0.007 0. 0.007 0. 0. 0. 0.007 0. 0.007 0.001 0. 0.001 0.001 0. 0.001 0.001 0. 0.001 0.002 0. 0.002 0.005 0. 0.005 0. 0. 0. 0.025 0. 0.025 0.001 0. 0.001 0.001 0. 0.001 0.002 0. 0.002 0.002 0. 0.002 0.002 0. 0.002
73 0.032 0. 0.032 0. 0. 0. 0. 0. 0. 0. 0. 0. 0.006 0. 0.006 0. 0. 0. 0.006 0. 0.006 0.001 0. 0.001 0.003 0. 0.003 0.001 0. 0.001 0.002 0. 0.002 0.005 0. 0.005 0. 0. 0. 0.026 0. 0.026 0.002 0. 0.002 0.001 0. 0.001 0.002 0. 0.002 0.002 0. 0.002 0.001 0. 0.001
74 0.033 0. 0.033 0. 0. 0. 0. 0. 0. 0. 0. 0. 0.007 0. 0.007 0. 0. 0. 0.007 0. 0.007 0.001 0. 0.001 0.002 0. 0.002 0.001 0. 0.001 0.002 0. 0.002 0.005 0. 0.005 0. 0. 0. 0.027 0. 0.027 0.002 0. 0.002 0.001 0. 0.001 0.002 0. 0.002 0.002 0. 0.002 0.001 0. 0.001
75 0.036 0. 0.036 0. 0. 0. 0. 0. 0. 0. 0. 0. 0.007 0. 0.007 0. 0. 0. 0.007 0. 0.007 0.001 0. 0.001 0.001 0. 0.001 0.004 0. 0.004 0.002 0. 0.002 0.005 0. 0.005 0. 0. 0. 0.03 0. 0.03 0.002 0. 0.002 0.001 0. 0.001 0.002 0. 0.002 0.002 0. 0.002 0.002 0. 0.002
76 0.037 0. 0.037 0. 0. 0. 0. 0. 0. 0. 0. 0. 0.007 0. 0.007 0. 0. 0. 0.007 0. 0.007 0.002 0. 0.002 0.002 0. 0.002 0.002 0. 0.002 0.002 0. 0.002 0.006 0. 0.006 0. 0. 0. 0.03 0. 0.03 0.002 0. 0.002 0.001 0. 0.001 0.002 0. 0.002 0.002 0. 0.002 0.002 0. 0.002
77 0.037 0.001 0.036 0.001 0. 0.001 0. 0. 0. 0. 0. 0. 0.008 0. 0.007 0. 0. 0. 0.008 0. 0.007 0.001 0. 0.001 0.002 0. 0.002 0.002 0. 0.002 0.002 0. 0.002 0.006 0. 0.006 0. 0. 0. 0.029 0.001 0.028 0.002 0. 0.002 0.001 0. 0.001 0.002 0. 0.002 0.001 0. 0.001 0.002 0. 0.002
78 0.043 0. 0.043 0. 0. 0. 0. 0. 0. 0. 0. 0. 0.008 0. 0.008 0. 0. 0. 0.007 0. 0.007 0.001 0. 0.001 0.002 0. 0.002 0.002 0. 0.002 0.003 0. 0. 0.006 0. 0.006 0. 0. 0. 0.035 0. 0.035 0.004 0. 0.009 0.001 0. 0.001 0.003 0. 0.003 0.003 0. 0.003 0.002 0. 0.
79 0.04 0. 0.04 0. 0. 0. 0. 0. 0. 0. 0. 0. 0.01 0. 0.01 0. 0. 0. 0.01 0. 0.01 0.001 0. 0.001 0.002 0. 0.002 0.002 0. 0.002 0.002 0. 0.002 0.006 0. 0.006 0. 0. 0. 0.033 0. 0.033 0.002 0. 0.002 0.001 0. 0.001 0.002 0. 0.002 0.002 0. 0.002 0.002 0. 0.002
80 0.04 0. 0.04 0. 0. 0. 0. 0. 0. 0. 0. 0. 0.008 0. 0.008 0. 0. 0. 0.007 0. 0.007 0.001 0. 0.001 0.002 0. 0.002 0.002 0. 0.002 0.003 0. 0.003 0.006 0. 0.006 0. 0. 0. 0.033 0. 0.033 0.003 0. 0.003 0.001 0. 0.001 0.002 0. 0.002 0.002 0. 0.002 0.003 0. 0.003
81 0.039 0. 0.038 0. 0. 0. 0. 0. 0. 0. 0. 0. 0.008 0. 0.008 0. 0. 0. 0.008 0. 0.008 0.001 0. 0.001 0.002 0. 0.002 0.002 0. 0.002 0.002 0. 0.002 0.006 0. 0.004 0. 0. 0. 0.032 0. 0.032 0.002 0. 0.002 0.001 0. 0.001 0.002 0. 0.002 0.002 0. 0.002 0.002 0. 0.002
82 0.052 0. 0.055 0. 0. 0. 0. 0. 0. 0. 0. 0. 0.017 0. 0.021 0. 0. 0. 0.017 0. 0.021 0.001 0. 0.001 0.003 0. 0.003 0.002 0. 0.002 0.002 0. 0.002 0.006 0. 0.006 0. 0. 0. 0.045 0. 0.048 0.002 0. 0.002 0.001 0. 0.001 0.003 0. 0.003 0.002 0. 0.002 0.002 0. 0.002
83 0.039 0.002 0.036 0. 0. 0. 0. 0. 0. 0. 0. 0. 0.009 0.001 0.007 0. 0. 0. 0.009 0.001 0.007 0.001 0. 0.001 0.002 0. 0.002 0.002 0. 0.002 0.002 0. 0.002 0.006 0. 0.006 0. 0. 0. 0.032 0.001 0.03 0.002 0. 0.002 0.001 0. 0.001 0.002 0. 0.002 0.002 0. 0.002 0.002 0. 0.002
84 0.038 0. 0.038 0. 0. 0. 0. 0. 0. 0. 0. 0. 0.009 0. 0.009 0. 0. 0. 0.009 0. 0.009 0.001 0. 0.001 0.002 0. 0.002 0.002 0. 0.002 0.002 0. 0.002 0.006 0. 0.006 0. 0. 0. 0.031 0. 0.031 0.002 0. 0.002 0.001 0. 0.001 0.002 0. 0.002 0.002 0. 0.002 0.002 0. 0.002
85 0.04 0. 0.04 0. 0. 0. 0. 0. 0. 0. 0. 0. 0.008 0. 0.008 0. 0. 0. 0.007 0. 0.007 0.001 0. 0.001 0.002 0. 0.002 0.002 0. 0.002 0.002 0. 0.002 0.007 0. 0.007 0. 0. 0. 0.031 0. 0.031 0.002 0. 0.002 0.001 0. 0.001 0.002 0. 0.002 0.002 0. 0.002 0.002 0. 0.002
86 0.041 0. 0.041 0. 0. 0. 0. 0. 0. 0. 0. 0. 0.009 0. 0.009 0. 0. 0. 0.008 0. 0.008 0.001 0. 0.001 0.002 0. 0.002 0.002 0. 0.002 0.002 0. 0.002 0.006 0. 0.006 0. 0. 0. 0.034 0. 0.034 0.002 0. 0.002 0.001 0. 0.001 0.002 0. 0.002 0.002 0. 0.002 0.002 0. 0.002
87 0.042 0. 0.042 0. 0. 0. 0.002 0. 0.002 0. 0. 0. 0.008 0. 0.008 0. 0. 0. 0.008 0. 0.008 0.001 0. 0.001 0.002 0. 0.002 0.002 0. 0.002 0.002 0. 0.002 0.006 0. 0.006 0. 0. 0. 0.034 0. 0.034 0.002 0. 0.002 0.001 0. 0.001 0.002 0. 0.002 0.002 0. 0.002 0.002 0. 0.002
88 0.049 0. 0.049 0.001 0. 0.001 0. 0. 0. 0. 0. 0. 0.014 0. 0.014 0. 0. 0. 0.013 0. 0.013 0.001 0. 0.001 0.002 0. 0.002 0.002 0. 0.002 0.002 0. 0.002 0.008 0. 0.008 0. 0. 0. 0.04 0. 0.04 0.003 0. 0.003 0.001 0. 0.001 0.002 0. 0.002 0.002 0. 0.002 0.002 0. 0.002
89 0.048 0. 0.048 0. 0. 0. 0. 0. 0. 0.005 0. 0.005 0.011 0. 0.011 0. 0. 0. 0.01 0. 0.01 0.001 0. 0.001 0.002 0. 0.002 0.002 0. 0.002 0.002 0. 0.002 0.006 0. 0.006 0. 0. 0. 0.04 0. 0.04 0.002 0. 0.002 0.001 0. 0.001 0.002 0. 0.002 0.002 0. 0.002 0.002 0. 0.002
90 0.05 0. 0.05 0. 0. 0. 0. 0. 0. 0. 0. 0. 0.01 0. 0.01 0. 0. 0. 0.01 0. 0.01 0.002 0. 0.002 0.002 0. 0.002 0.003 0. 0.003 0.004 0. 0.004 0.008 0. 0.008 0. 0. 0. 0.041 0. 0.041 0.002 0. 0.002 0.002 0. 0.002 0.003 0. 0.003 0.003 0. 0.003 0.003 0. 0.003
91 0.048 0. 0.048 0. 0. 0. 0. 0. 0. 0. 0. 0. 0.014 0. 0.014 0. 0. 0. 0.014 0. 0.013 0.001 0. 0.001 0.002 0. 0.002 0.002 0. 0.002 0.002 0. 0.002 0.007 0. 0.007 0. 0. 0. 0.04 0. 0.04 0.002 0. 0.002 0.001 0. 0.001 0.003 0. 0.003 0.002 0. 0.002 0.002 0. 0.002
92 0.047 0. 0.047 0. 0. 0. 0. 0. 0. 0. 0. 0. 0.011 0. 0.011 0. 0. 0. 0.011 0. 0.011 0.001 0. 0.001 0.003 0. 0.003 0.002 0. 0.002 0.003 0. 0.003 0.008 0. 0.008 0. 0. 0. 0.038 0. 0.038 0.002 0. 0.002 0.001 0. 0.001 0.002 0. 0.002 0.002 0. 0.002 0.003 0. 0.003
93 0.053 0. 0.052 0. 0. 0. 0. 0. 0. 0. 0. 0. 0.011 0. 0.01 0. 0. 0. 0.011 0. 0.01 0.001 0. 0.001 0.002 0. 0.002 0.002 0. 0.002 0.004 0. 0.004 0.007 0. 0.007 0. 0. 0. 0.044 0. 0.044 0.003 0. 0.003 0.001 0. 0.001 0.002 0. 0.002 0.003 0. 0.003 0.007 0. 0.007
94 0.048 0. 0.048 0. 0. 0. 0. 0. 0. 0. 0. 0. 0.01 0. 0.01 0. 0. 0. 0.01 0. 0.01 0.001 0. 0.001 0.003 0. 0.003 0.002 0. 0.002 0.003 0. 0.003 0.008 0. 0.008 0. 0. 0. 0.039 0. 0.039 0.003 0. 0.003 0.001 0. 0.001 0.003 0. 0.003 0.003 0. 0.003 0.003 0. 0.003
95 0.049 0. 0.049 0. 0. 0. 0. 0. 0. 0. 0. 0. 0.011 0. 0.011 0. 0. 0. 0.011 0. 0.011 0.001 0. 0.001 0.003 0. 0.003 0.002 0. 0.002 0.003 0. 0.003 0.008 0. 0.008 0. 0. 0. 0.039 0. 0.039 0.003 0. 0.003 0.001 0. 0.001 0.003 0. 0.003 0.002 0. 0.002 0.003 0. 0.003
96 0.051 0. 0.051 0. 0. 0. 0. 0. 0. 0. 0. 0. 0.01 0. 0.01 0. 0. 0. 0.01 0. 0.01 0.002 0. 0.002 0.003 0. 0.003 0.003 0. 0.003 0.004 0. 0.004 0.007 0. 0.007 0. 0. 0. 0.042 0. 0.042 0.003 0. 0.003 0.001 0. 0.001 0.003 0. 0.003 0.003 0. 0.003 0.003 0. 0.003
97 0.049 0. 0.049 0. 0. 0. 0. 0. 0. 0. 0. 0. 0.01 0. 0.01 0. 0. 0. 0.01 0. 0.01 0.002 0. 0.002 0.003 0. 0.003 0.003 0. 0.003 0.003 0. 0.003 0.008 0. 0.008 0. 0. 0. 0.039 0. 0.039 0.003 0. 0.003 0.001 0. 0.001 0.003 0. 0.003 0.002 0. 0.002 0.003 0. 0.003
98 0.059 0. 0.059 0. 0. 0. 0. 0. 0. 0. 0. 0. 0.013 0. 0.013 0. 0. 0. 0.013 0. 0.013 0.002 0. 0.002 0.003 0. 0.003 0.003 0. 0.003 0.003 0. 0.003 0.013 0. 0.013 0. 0. 0. 0.044 0. 0.044 0.003 0. 0.003 0.002 0. 0.002 0.003 0. 0.003 0.003 0. 0.003 0.003 0. 0.003
99 0.057 0.003 0.053 0. 0. 0. 0. 0. 0. 0. 0. 0. 0.01 0. 0.01 0. 0. 0. 0.01 0. 0.01 0.002 0. 0.002 0.005 0. 0.011 0.004 0. 0.003 0.003 0. 0.003 0.007 0. 0.007 0. 0. 0. 0.048 0.003 0.045 0.003 0. 0.003 0.001 0. 0.001 0.004 0.003 0.001 0.003 0. 0. 0.003 0. 0.003
100 0.106 0.012 0.094 0. 0. 0. 0. 0. 0. 0. 0. 0. 0.067 0.011 0.055 0. 0. 0. 0.067 0.011 0.055 0.002 0. 0.002 0.003 0. 0.003 0.003 0. 0.003 0.003 0. 0.003 0.007 0. 0.007 0. 0. 0. 0.098 0.012 0.086 0.003 0. 0.003 0.001 0. 0.001 0.003 0. 0.003 0.003 0. 0.003 0.003 0. 0.003
110 0.061 0. 0.061 0. 0. 0. 0. 0. 0. 0. 0. 0. 0.013 0. 0.013 0. 0. 0. 0.013 0. 0.013 0.002 0. 0.002 0.004 0. 0.004 0.003 0. 0.003 0.003 0. 0.003 0.011 0. 0.011 0. 0. 0. 0.048 0. 0.048 0.003 0. 0.003 0.001 0. 0.001 0.004 0. 0.004 0.003 0. 0.003 0.003 0. 0.003
120 0.062 0. 0.062 0. 0. 0. 0. 0. 0. 0. 0. 0. 0.011 0. 0.011 0. 0. 0. 0.011 0. 0.011 0.002 0. 0.002 0.004 0. 0.004 0.004 0. 0.004 0.004 0. 0.004 0.01 0. 0.01 0. 0. 0. 0.05 0. 0.05 0.004 0. 0.004 0.002 0. 0.002 0.005 0. 0.005 0.004 0. 0.004 0.004 0. 0.004
130 0.072 0. 0.072 0. 0. 0. 0. 0. 0. 0. 0. 0. 0.015 0. 0.015 0. 0. 0. 0.015 0. 0.015 0.002 0. 0.002 0.004 0. 0.004 0.004 0. 0.004 0.005 0. 0.005 0.012 0. 0.012 0. 0. 0. 0.059 0. 0.059 0.004 0. 0.004 0.003 0. 0.003 0.005 0. 0.005 0.004 0. 0.004 0.004 0. 0.004
140 0.078 0. 0.078 0.001 0. 0.001 0. 0. 0. 0. 0. 0. 0.016 0. 0.016 0. 0. 0. 0.016 0. 0.016 0.002 0. 0.002 0.005 0. 0.005 0.004 0. 0.004 0.005 0. 0.005 0.012 0. 0.012 0. 0. 0. 0.065 0. 0.065 0.005 0. 0.005 0.003 0. 0.003 0.005 0. 0.005 0.005 0. 0.005 0.005 0. 0.005
150 0.083 0. 0.083 0.001 0. 0.001 0. 0. 0. 0. 0. 0. 0.016 0. 0.016 0.001 0. 0.001 0.015 0. 0.015 0.005 0. 0.005 0.005 0. 0.005 0.004 0. 0.004 0.005 0. 0.005 0.017 0. 0.017 0. 0. 0. 0.066 0. 0.066 0.006 0. 0.006 0.002 0. 0.002 0.005 0. 0.005 0.005 0. 0.005 0.005 0. 0.005
160 0.088 0.003 0.084 0. 0. 0. 0.001 0. 0.001 0. 0. 0. 0.016 0. 0.016 0. 0. 0. 0.016 0. 0.016 0.002 0. 0.002 0.006 0. 0.006 0.005 0. 0.005 0.006 0. 0.006 0.017 0. 0.017 0. 0. 0. 0.07 0.003 0.066 0.006 0. 0.005 0.003 0. 0.003 0.006 0. 0.006 0.005 0. 0.005 0.006 0.003 0.002
170 0.097 0. 0.097 0. 0. 0. 0.001 0. 0.001 0. 0. 0. 0.016 0. 0.016 0.001 0. 0.001 0.016 0. 0.016 0.004 0. 0.004 0.006 0. 0.006 0.006 0. 0.006 0.006 0. 0.006 0.016 0. 0.016 0. 0. 0. 0.08 0. 0.08 0.006 0. 0.006 0.004 0. 0.004 0.007 0. 0.007 0.006 0. 0.006 0.009 0. 0.009
180 0.107 0. 0.107 0.001 0. 0.001 0.004 0. 0.004 0. 0. 0. 0.018 0. 0.018 0.001 0. 0.001 0.018 0. 0.018 0.003 0. 0.003 0.008 0. 0.008 0.006 0. 0.006 0.007 0. 0.007 0.019 0. 0.019 0. 0. 0. 0.087 0. 0.087 0.007 0. 0.007 0.003 0. 0.003 0.007 0. 0.007 0.008 0. 0.008 0.007 0. 0.007
190 0.119 0. 0.119 0.001 0. 0.001 0.001 0. 0.001 0.001 0. 0.001 0.02 0. 0.02 0.001 0. 0.001 0.02 0. 0.02 0.008 0. 0.008 0.007 0. 0.007 0.007 0. 0.007 0.007 0. 0.007 0.021 0. 0.021 0. 0. 0. 0.097 0. 0.097 0.008 0. 0.008 0.003 0. 0.003 0.007 0. 0.007 0.007 0. 0.007 0.013 0. 0.013
200 0.135 0. 0.134 0.001 0. 0.001 0.001 0. 0.001 0.001 0. 0.001 0.025 0. 0.025 0.001 0. 0.001 0.024 0. 0.024 0.003 0. 0.003 0.016 0. 0.015 0.008 0. 0.008 0.008 0. 0.008 0.027 0. 0.027 0. 0. 0. 0.107 0. 0.106 0.009 0. 0.009 0.003 0. 0.003 0.009 0. 0.008 0.008 0. 0.008 0.008 0. 0.008
210 0.132 0. 0.132 0.001 0. 0.001 0.001 0. 0.001 0.001 0. 0.001 0.021 0. 0.021 0.003 0. 0.003 0.021 0. 0.021 0.004 0. 0.004 0.009 0. 0.009 0.009 0. 0.009 0.009 0. 0.009 0.024 0. 0.024 0. 0. 0. 0.104 0. 0.104 0.009 0. 0.009 0.003 0. 0.003 0.009 0. 0.009 0.009 0. 0.009 0.009 0. 0.009
220 0.149 0. 0.149 0.005 0. 0.005 0.001 0. 0.001 0.001 0. 0.001 0.022 0. 0.022 0.001 0. 0.001 0.022 0. 0.022 0.003 0. 0.003 0.012 0. 0.012 0.009 0. 0.009 0.011 0. 0.011 0.029 0. 0.029 0. 0. 0. 0.119 0. 0.119 0.011 0. 0.011 0.003 0. 0.003 0.011 0. 0.011 0.012 0. 0.012 0.011 0. 0.011
230 0.165 0. 0.165 0.001 0. 0.001 0.001 0. 0.001 0.002 0. 0.002 0.028 0. 0.028 0.001 0. 0.001 0.028 0. 0.028 0.004 0. 0.004 0.012 0. 0.012 0.011 0. 0.011 0.012 0. 0.012 0.029 0. 0.029 0. 0. 0. 0.135 0. 0.135 0.012 0. 0.012 0.009 0. 0.009 0.011 0. 0.011 0.012 0. 0.012 0.012 0. 0.012
240 0.168 0. 0.168 0.001 0. 0.001 0.001 0. 0.001 0.001 0. 0.001 0.028 0. 0.028 0.001 0. 0.001 0.027 0. 0.027 0.004 0. 0.004 0.011 0. 0.011 0.011 0. 0.011 0.021 0. 0.021 0.029 0. 0.029 0. 0. 0. 0.137 0. 0.137 0.011 0. 0.011 0.004 0. 0.004 0.012 0. 0.012 0.011 0. 0.011 0.012 0. 0.012
250 0.177 0. 0.176 0.001 0. 0.001 0.001 0. 0.001 0.001 0. 0.001 0.025 0. 0.025 0.001 0. 0.001 0.025 0. 0.024 0.005 0. 0.005 0.012 0. 0.012 0.016 0. 0.016 0.015 0. 0.015 0.034 0. 0.035 0. 0. 0. 0.142 0. 0.141 0.015 0. 0.014 0.004 0. 0.004 0.014 0. 0.014 0.012 0. 0.012 0.013 0. 0.013
260 0.174 0. 0.174 0.001 0. 0.001 0.001 0. 0.001 0.001 0. 0.001 0.026 0. 0.026 0.001 0. 0.001 0.026 0. 0.026 0.004 0. 0.004 0.013 0. 0.013 0.012 0. 0.012 0.012 0. 0.012 0.034 0. 0.034 0. 0. 0. 0.138 0. 0.138 0.013 0. 0.013 0.005 0. 0.005 0.013 0. 0.013 0.011 0. 0.011 0.017 0. 0.017
270 0.196 0.003 0.192 0.001 0. 0.001 0.002 0. 0.002 0.001 0. 0.001 0.032 0. 0.032 0.002 0. 0.002 0.032 0. 0.032 0.004 0. 0.004 0.015 0.003 0.011 0.014 0. 0.014 0.014 0. 0.014 0.039 0. 0.039 0. 0. 0. 0.155 0.003 0.151 0.014 0. 0.014 0.004 0. 0.004 0.014 0. 0.013 0.013 0. 0.013 0.02 0. 0.02
280 0.202 0. 0.202 0.001 0. 0.001 0.001 0. 0.001 0.001 0. 0.001 0.033 0. 0.033 0.001 0. 0.001 0.032 0. 0.032 0.004 0. 0.004 0.014 0. 0.014 0.014 0. 0.014 0.015 0. 0.015 0.039 0. 0.039 0. 0. 0. 0.161 0. 0.161 0.015 0. 0.015 0.004 0. 0.004 0.015 0. 0.015 0.014 0. 0.014 0.021 0. 0.021
290 0.218 0. 0.218 0.001 0. 0.001 0.001 0. 0.001 0.003 0. 0.003 0.033 0. 0.033 0.008 0. 0.008 0.033 0. 0.033 0.005 0. 0.005 0.017 0. 0.017 0.016 0. 0.016 0.016 0. 0.016 0.041 0. 0.041 0. 0. 0. 0.175 0. 0.175 0.017 0. 0.016 0.004 0. 0.004 0.016 0. 0.016 0.015 0. 0.015 0.015 0. 0.015
300 0.233 0. 0.233 0.001 0. 0.001 0.001 0. 0.001 0.001 0. 0.001 0.031 0. 0.031 0.001 0. 0.001 0.03 0. 0.03 0.006 0. 0.006 0.017 0. 0.017 0.018 0. 0.018 0.018 0. 0.018 0.048 0. 0.048 0. 0. 0. 0.184 0. 0.184 0.021 0. 0.021 0.006 0. 0.006 0.018 0. 0.018 0.017 0. 0.017 0.02 0. 0.02
310 0.244 0.003 0.24 0.002 0. 0.002 0.001 0. 0.001 0.001 0. 0.001 0.035 0.003 0.031 0.001 0. 0.001 0.034 0.003 0.03 0.008 0. 0.008 0.027 0. 0.026 0.016 0. 0.016 0.017 0. 0.017 0.047 0. 0.047 0. 0. 0. 0.195 0.003 0.191 0.018 0. 0.018 0.006 0. 0.006 0.017 0. 0.017 0.021 0. 0.021 0.017 0. 0.017
320 0.237 0. 0.237 0.002 0. 0.002 0.002 0. 0.002 0.001 0. 0.001 0.03 0. 0.03 0.002 0. 0.002 0.03 0. 0.03 0.006 0. 0.006 0.018 0. 0.018 0.018 0. 0.018 0.018 0. 0.018 0.045 0. 0.045 0. 0. 0. 0.191 0. 0.191 0.023 0. 0.023 0.008 0. 0.008 0.019 0. 0.019 0.018 0. 0.018 0.018 0. 0.018
330 0.269 0. 0.269 0.001 0. 0.001 0.002 0. 0.002 0.003 0. 0.003 0.04 0. 0.04 0.002 0. 0.002 0.04 0. 0.04 0.005 0. 0.005 0.023 0. 0.023 0.02 0. 0.02 0.021 0. 0.021 0.052 0. 0.052 0. 0. 0. 0.215 0. 0.215 0.02 0. 0.02 0.005 0. 0.005 0.025 0. 0.025 0.02 0. 0.02 0.019 0. 0.019
340 0.299 0. 0.299 0.002 0. 0.002 0.001 0. 0.001 0.002 0. 0.002 0.036 0. 0.036 0.001 0. 0.001 0.035 0. 0.035 0.006 0. 0.006 0.022 0. 0.022 0.022 0. 0.022 0.022 0. 0.022 0.056 0. 0.056 0. 0. 0. 0.242 0. 0.241 0.035 0. 0.035 0.015 0. 0.015 0.021 0. 0.021 0.026 0. 0.026 0.022 0. 0.022
350 0.294 0. 0.294 0.007 0. 0.007 0.002 0. 0.002 0.001 0. 0.001 0.035 0. 0.035 0.002 0. 0.002 0.035 0. 0.035 0.006 0. 0.006 0.023 0. 0.023 0.025 0. 0.025 0.028 0. 0.028 0.056 0. 0.056 0. 0. 0. 0.237 0. 0.237 0.023 0. 0.023 0.006 0. 0.006 0.026 0. 0.026 0.023 0. 0.023 0.023 0. 0.023
360 0.332 0. 0.332 0.002 0. 0.002 0.008 0. 0.008 0.002 0. 0.002 0.042 0. 0.042 0.002 0. 0.002 0.042 0. 0.042 0.01 0. 0.01 0.026 0. 0.026 0.026 0. 0.026 0.027 0. 0.027 0.064 0. 0.064 0. 0. 0. 0.266 0. 0.266 0.026 0. 0.026 0.006 0. 0.006 0.029 0. 0.029 0.026 0. 0.026 0.026 0. 0.026
370 0.333 0. 0.333 0.002 0. 0.002 0.002 0. 0.002 0.002 0. 0.002 0.042 0. 0.042 0.002 0. 0.002 0.041 0. 0.041 0.008 0. 0.008 0.026 0. 0.026 0.026 0. 0.026 0.03 0. 0.03 0.066 0. 0.066 0. 0. 0. 0.265 0. 0.265 0.028 0. 0.028 0.006 0. 0.006 0.031 0. 0.031 0.026 0. 0.026 0.029 0. 0.028
380 0.349 0.007 0.341 0.008 0.003 0.004 0.002 0. 0.002 0.002 0. 0.002 0.039 0. 0.039 0.004 0. 0.004 0.038 0. 0.038 0.007 0. 0.007 0.027 0. 0.027 0.03 0. 0.03 0.029 0. 0.029 0.07 0. 0.07 0. 0. 0. 0.277 0.007 0.27 0.033 0. 0.033 0.006 0. 0.006 0.03 0. 0.03 0.025 0.003 0.022 0.029 0. 0.029
390 0.374 0.004 0.37 0.002 0. 0.002 0.002 0. 0.002 0.002 0. 0.002 0.043 0. 0.043 0.002 0. 0.002 0.042 0. 0.042 0.009 0. 0.009 0.03 0. 0.03 0.038 0. 0.038 0.034 0.003 0.03 0.069 0. 0.069 0. 0. 0. 0.303 0.004 0.299 0.034 0. 0.034 0.007 0. 0.007 0.03 0. 0.03 0.031 0. 0.031 0.031 0. 0.031
400 0.397 0. 0.397 0.002 0. 0.002 0.003 0. 0.003 0.002 0. 0.002 0.05 0. 0.05 0.002 0. 0.002 0.049 0. 0.049 0.008 0. 0.008 0.032 0. 0.032 0.034 0. 0.034 0.037 0. 0.037 0.07 0. 0.07 0. 0. 0. 0.326 0. 0.326 0.036 0. 0.036 0.013 0. 0.013 0.036 0. 0.036 0.028 0. 0.028 0.036 0. 0.036
500 0.61 0.003 0.606 0.002 0. 0.002 0.005 0. 0.005 0.003 0. 0.003 0.056 0. 0.056 0.003 0. 0.003 0.055 0. 0.055 0.013 0. 0.013 0.055 0. 0.055 0.055 0. 0.055 0.06 0. 0.06 0.107 0. 0.107 0. 0. 0. 0.501 0.003 0.497 0.058 0.003 0.054 0.012 0. 0.012 0.058 0. 0.058 0.056 0. 0.056 0.058 0. 0.058
600 0.857 0. 0.857 0.003 0. 0.003 0.004 0. 0.004 0.004 0. 0.004 0.074 0. 0.074 0.003 0. 0.003 0.073 0. 0.073 0.011 0. 0.011 0.082 0. 0.082 0.084 0. 0.084 0.083 0. 0.082 0.157 0. 0.157 0. 0. 0. 0.698 0. 0.698 0.085 0. 0.085 0.011 0. 0.011 0.086 0. 0.086 0.079 0. 0.079 0.084 0. 0.084
700 1.203 0. 1.203 0.003 0. 0.003 0.004 0. 0.004 0.003 0. 0.003 0.074 0. 0.073 0.004 0. 0.004 0.073 0. 0.073 0.013 0. 0.013 0.117 0. 0.117 0.116 0. 0.116 0.123 0. 0.123 0.205 0. 0.205 0. 0. 0. 0.997 0. 0.996 0.142 0. 0.142 0.018 0. 0.018 0.127 0. 0.127 0.109 0. 0.109 0.136 0. 0.136
800 1.571 0. 1.571 0.004 0. 0.004 0.008 0. 0.008 0.004 0. 0.004 0.082 0. 0.082 0.004 0. 0.004 0.081 0. 0.081 0.015 0. 0.015 0.155 0. 0.155 0.166 0. 0.166 0.182 0. 0.182 0.261 0. 0.261 0. 0. 0. 1.306 0. 1.305 0.166 0. 0.166 0.019 0. 0.019 0.166 0. 0.166 0.161 0. 0.16 0.168 0. 0.168
900 2.009 0.004 2.004 0.005 0. 0.005 0.008 0. 0.008 0.006 0. 0.006 0.102 0. 0.102 0.005 0. 0.005 0.101 0. 0.101 0.021 0. 0.021 0.226 0. 0.226 0.208 0. 0.208 0.227 0. 0.227 0.32 0. 0.32 0. 0. 0. 1.687 0.004 1.683 0.223 0. 0.223 0.016 0. 0.016 0.211 0. 0.211 0.213 0.003 0.209 0.21 0. 0.21
1000 2.393 0.003 2.388 0.005 0. 0.005 0.006 0. 0.006 0.006 0. 0.006 0.128 0. 0.128 0.005 0. 0.005 0.127 0. 0.127 0.02 0. 0.02 0.249 0. 0.249 0.248 0. 0.248 0.254 0. 0.253 0.427 0.003 0.423 0. 0. 0. 1.964 0. 1.963 0.255 0. 0.255 0.02 0. 0.02 0.26 0. 0.26 0.243 0. 0.243 0.258 0. 0.258
1100 2.918 0.007 2.909 0.006 0. 0.006 0.006 0.003 0.002 0.006 0. 0.006 0.138 0. 0.137 0.007 0. 0.007 0.136 0. 0.136 0.02 0. 0.02 0.302 0. 0.302 0.291 0. 0.291 0.322 0. 0.322 0.508 0.003 0.504 0.001 0. 0.001 2.407 0.003 2.403 0.332 0. 0.332 0.023 0. 0.023 0.299 0. 0.299 0.314 0. 0.314 0.335 0. 0.335
1200 3.294 0.016 3.277 0.006 0. 0.006 0.007 0. 0.011 0.012 0. 0.014 0.137 0.003 0.133 0.006 0. 0.006 0.137 0.003 0.133 0.022 0. 0.022 0.353 0. 0.353 0.376 0.003 0.372 0.36 0. 0.359 0.589 0.004 0.585 0. 0. 0. 2.703 0.012 2.69 0.367 0. 0.367 0.022 0. 0.021 0.386 0. 0.386 0.258 0. 0.253 0.384 0.003 0.38
1300 3.918 0.004 3.913 0.019 0. 0.019 0.008 0. 0.008 0.015 0. 0.015 0.164 0.004 0.159 0.007 0. 0.007 0.162 0.003 0.158 0.021 0. 0.021 0.429 0. 0.429 0.45 0. 0.45 0.432 0. 0.432 0.719 0. 0.719 0.001 0. 0.001 3.197 0.004 3.192 0.444 0. 0.444 0.021 0. 0.021 0.444 0. 0.444 0.263 0. 0.263 0.472 0. 0.472
1400 4.666 0.008 4.655 0.01 0. 0.01 0.008 0. 0.008 0.008 0. 0.008 0.162 0.003 0.158 0.007 0. 0.007 0.16 0.003 0.156 0.026 0. 0.026 0.481 0. 0.481 0.53 0. 0.53 0.522 0. 0.522 0.778 0. 0.775 0.001 0. 0.001 3.886 0.007 3.877 0.51 0.003 0.506 0.037 0. 0.037 0.527 0. 0.527 0.529 0. 0.529 0.523 0. 0.523
1500 5.272 0.004 5.267 0.009 0. 0.009 0.01 0. 0.01 0.008 0. 0.008 0.18 0. 0.18 0.009 0. 0.009 0.178 0. 0.178 0.037 0. 0.037 0.606 0. 0.606 0.557 0. 0.557 0.59 0. 0.59 0.897 0. 0.897 0.001 0. 0.001 4.372 0.004 4.367 0.592 0. 0.592 0.027 0. 0.027 0.577 0.004 0.572 0.571 0. 0.571 0.593 0. 0.593
1600 5.697 0. 5.695 0.009 0. 0.009 0.011 0. 0.011 0.01 0. 0.01 0.174 0. 0.174 0.01 0. 0.01 0.172 0. 0.172 0.036 0. 0.036 0.663 0. 0.663 0.662 0. 0.661 0.679 0. 0.678 1.01 0. 1.01 0.001 0. 0.001 4.685 0. 4.683 0.644 0. 0.644 0.027 0. 0.027 0.71 0. 0.709 0.355 0. 0.355 0.686 0. 0.686
1700 6.426 0.003 6.422 0.01 0. 0.01 0.015 0. 0.015 0.012 0. 0.012 0.203 0. 0.203 0.01 0. 0.01 0.201 0. 0.201 0.032 0. 0.032 0.767 0. 0.767 0.773 0. 0.773 0.714 0. 0.714 1.137 0. 1.145 0.001 0. 0.001 5.286 0.003 5.275 0.785 0. 0.778 0.029 0. 0.029 0.428 0. 0.428 0.731 0.003 0.727 0.771 0. 0.771
1800 7.149 0.003 7.144 0.012 0.002 0.01 0.011 0. 0.011 0.017 0. 0.017 0.207 0.001 0.206 0.011 0. 0.011 0.206 0. 0.206 0.038 0. 0.038 0.875 0. 0.875 0.83 0. 0.83 0.44 0. 0.44 1.246 0. 1.246 0.001 0.001 0. 5.9 0.003 5.896 0.87 0. 0.87 0.035 0. 0.035 0.83 0. 0.83 0.87 0. 0.869 0.847 0. 0.847
1900 8.582 0.016 8.563 0.012 0. 0.012 0.017 0. 0.017 0.012 0. 0.012 0.217 0.003 0.213 0.01 0. 0.01 0.215 0.003 0.211 0.043 0. 0.043 0.965 0. 0.965 0.993 0. 0.993 0.971 0.003 0.963 1.438 0. 1.438 0.001 0. 0.001 7.142 0.016 7.123 0.994 0. 0.994 0.043 0.004 0.039 0.995 0. 0.995 0.962 0.004 0.958 0.899 0. 0.902
2000 9.463 0.024 9.437 0.013 0. 0.013 0.013 0. 0.013 0.014 0. 0.014 0.237 0.008 0.229 0.02 0. 0.02 0.235 0.008 0.227 0.038 0. 0.038 1.067 0. 1.066 1.013 0. 1.013 1.041 0.004 1.037 1.608 0.004 1.604 0.001 0. 0.001 7.851 0.02 7.83 1.09 0.004 1.086 0.048 0.004 0.044 1.048 0. 1.048 1.106 0. 1.106 1.096 0. 1.096
2500 14.357 0.004 14.351 0.033 0. 0.033 0.015 0. 0.015 0.017 0. 0.017 0.299 0. 0.299 0.025 0. 0.025 0.296 0. 0.296 0.049 0. 0.049 1.69 0. 1.69 1.649 0.003 1.645 1.614 0. 1.613 2.448 0. 2.448 0.002 0. 0.002 11.906 0.004 11.9 1.579 0. 1.579 0.047 0. 0.047 1.591 0. 1.59 1.66 0. 1.66 1.63 0. 1.63
3000 20.437 0.004 20.43 0.026 0. 0.026 0.024 0. 0.024 0.019 0. 0.014 0.354 0. 0.354 0.02 0. 0.02 0.351 0. 0.351 0.077 0. 0.074 2.383 0. 2.383 2.405 0. 2.41 2.282 0. 2.282 3.438 0.004 3.434 0.002 0. 0.002 16.992 0. 16.99 2.293 0. 2.292 0.058 0. 0.061 2.328 0. 2.327 2.282 0. 2.282 2.434 0. 2.433